1
783612328 67
405983695 8573
559119285 4936
327031418 3309
64774687 7731
354622018 2566
32037020 518
371924968 5030
498783344 7895
311637178 1579
375707561 9481
699097201 301
487931187 7157
148203152 2532
406399199 9157
531343907 1323
65318442 7327
440396240 6997
25023132 9059
373198792 6260
516942945 4693
643498995 9116
606944365 5030
308091521 8466
562564041 2925
324348375 4616
454557656 457
222025803 1009
175080728 9152
548397233 9262
522246207 775
725472446 929
606283537 6988
173383633 7644
129884302 6921
589174740 5887
85769711 7329
131854522 7574
479192173 1489
671434414 6934
23302759 4025
684127088 4723
122416555 1350
359619364 8720
10251911 6822
487753455 9103
601353433 12
699635127 5700
29192240 6879
124108812 8656
259793018 7145
36706010 4516
515686914 7127
327036017 9542
391560972 3921
34517992 9349
259260560 6916
356962027 5759
171011030 224
560305821 272
85120421 9884
445932081 327
341759608 7415
16361362 6919
89481309 5968
121812468 8830
366798749 9371
106375417 8587
