10
9 3
98 21 36 45 52 93 37 34 31 
Q 2 3
U 4 81
Q 4 5
9 3
53 92 73 36 81 46 5 96 28 
Q 1 6
U 4 17
Q 4 7
9 3
15 4 87 7 68 92 5 82 100 
Q 1 5
U 5 81
Q 7 8
9 3
3 36 48 82 93 94 25 69 31 
Q 1 3
U 2 51
Q 2 8
9 3
25 29 52 7 76 70 29 66 45 
Q 3 5
U 3 90
Q 2 9
9 3
61 82 27 40 56 45 36 59 54 
Q 2 6
U 5 90
Q 7 8
9 3
51 97 94 32 61 69 5 9 27 
Q 2 9
U 2 77
Q 4 8
9 3
50 63 30 92 58 84 38 2 59 
Q 5 5
U 6 82
Q 4 5
9 3
89 47 27 65 40 79 57 66 9 
Q 2 9
U 9 13
Q 2 7
9 3
22 77 39 5 32 77 56 93 72 
Q 2 4
U 4 26
Q 1 3
