53
7
4
4
2
21
6
1
3
3
8
3
20
1
1636
23
9
19
113
55
5
8
10
6
63
5
1
2
7
6
8
3
2
23
24
11
3
4
19
13
9
14
1
110
3
20
27
6
12
6
6
3
17
8
18
13
24
5
5
1
6
14
2
5
3
1
1
11
13
1
2
4
3
2
4
4
35
8
4
13
67
44
3
7
4
16
5
3
7
30
4
6
11
5
90
11
2
4
18
5
0
6
1
3
2
6
1
7
3
25
3
8
2
2
8
1
6
4
7
3
9
5
5
3
5
12
451
89
7
4
2
3
176
3
2
0
17
22
7
2
0
1
1
3
20
4
1
12
2
3
1
38
17
5
7
7
8
5
4
16
8
2
3
9
5
5
5
62
4
81
4
1
16
6
208
11
2
1
6
5
2
25
2
1
10
4
30
9
7
25
3
4
1
63
11
6
373
2
2
14
8
1
3
53
2
3
1
2
4
5
2
7
265
27
1
221
13
3
28
119
1
2
92
8
4
6
2
2
17
2
18
1
2
78
0
3
9
9
14
10
5
14
3
0
3
2
2
42
5
4
30
1
4
14
8
4
3
0
8
8
377
1
13
5
38
23
4
9
1
5
2
5
0
32
12
6
8
8
1
51
2
0
30
9
2
5
3
12
13
1
2
5
10
10
4
2
11
4
4
7
4
476
2
3
3
9
144
5
7
7
6
8
3
8
4
7
1
3
3
4
10
14
2
3
50
4
3
5
3
3
7
4
36
3
21
12
14
3
104
1
3
4
3
15
3
8
113
4
10
3
7
42
4
3
4
1
42
4
7
158
3
13
0
7
9
16
7
8
1
15
2
5
2
7
8
12
8
3
11
1
4
6
5
16
6
12
31
10
2
12
11
12
20
3
4
1
62
7
5
180
3
6
2
6
2
1
5
1
5
68
7
5
3
7
14
11
9
3
7
21
35
6
3
0
8
3
16
9
16
1
0
2
9
3
18
4
4
7
6
15
7
5
5
4
188
13
4
4
25
9
4
4
3
22
20
5
72
9
8
4
128
6
1
1
11
48
9
27
5
36
6
6
24
3
4
20
2
15
0
5
2
6
0
3
2
5
44
3
13
2
2
3
6
0
6
2
42
3
3
7
9
13
4
6
2
10
108
4
5
4
1
1
6
6
4
39
3
1
5
3
34
114
0
269
6
1
5
2
2
0
4
3
4
10
59
1317
18
3
1
11
22
14
0
4
6
3
6
8
3
6
5
18
3
12
3
27
9
3
4
3
21
6
4
5
2
1
47
3
22
1
1
9
2
9
7
86
8
42
7
1
4
2
2
1
6
3
8
6
9
6
14
2
3
46
1
3
1
8
24
3
8
9
9
6
282
0
3
7
12
2
3
9
0
6
7
25
2
9
6
1
5
73
14
2
23
12
9
6
9
4
4
14
5
28
8
4
8
35
7
3
12
2
8
0
1
8
3
3
11
0
6
80
118
2
2
4
2
3
22
4
6
4
0
3
4
4
2
3
1
19
6
14
25
17
32
40
27
1
6
5
4
2
2
3
6
4
4
20
12
5
5
73
10
2
5
4
15
8
9
0
2
23
8
6
12
2
2
10
3
8
1
7
6
2
10
41
30
6
9
12
1
2
4
8
5
4
35
0
1
89
10
4
6
9150
2
0
3
4
13
6
16
31
4
66
7
5
6
6
14
3
5
6
3
3
14
16
10
9
1
4
9
3
3
15
0
47
9
8
5
9
4
20
2
14
10
3
17
18
5
8
57
5
4
11
8
2
2
4
1
0
2
38
5
3
3
3
4
7
17
7
12
2
26
2
4
10
11
54
2
6
2
7
28
1
3
74
4
2
12
4
41
7
1
89
1
17
1
11
13
2
7
26
4
141
8
6
2
4
17
4
0
6
5
634
10
10
5
22
2
11
2
6
7
0
5
8
21
0
4
2
3
2
9
6
14
12
6
83
10
4
21
8
2
10
10
4
4
26
0
15
18
0
33
30
7
14
2
24
4
49
2
2
6
16
4
11
25
11
3
3
6
5
5
2
1
0
0
12
2
12
191
6
1
4
1
5
36
2
11
6
14
15
4
4
6
2
8
17
9
3
2
1
2
13
5
1
1
16
5
27
1
8
13
4
7
2
6
10
5
0
1
10
0
6
7
2
28
2
0
1
11
18
3
7
25
5
4
2
3
8
4
0
1
4
21
6
31
14
9
12
11
3
6
6
4
3
38
6
3
23
2
2
1
14
8
6
2
19
3
26
2
6
4
7
3
51
5
3
9
7
16
2
20
25
0
1
9
20
8
2
32
17
2
1
1
5
38
2
1
3
3
5
2
104
161
7
5
14
4
46
9
1
25
3
56
11
23
1
0
1
15
15
1
7
1
5
17
9
2
5
5
7
13
17
23
5
11
5
25
2
4
5
24
3
1
14
1
4
1
6
19
18
5
5
38
4
3
1
4
47
76
1
3
74
2
3
4
22
23
4
16
15
2
4
4
1
2
1
5
1
5
5
3
2
34
72
2
14
8
4
131
1
746
23
2
6
3
2
3
17
4
8
2
4
2
2
9
6
3
8
16
3
13
22
1
8
1
3
5
7
16
2
0
0
1
3
10
4
10
3
6
5
5
3
33
5
1
15
6
6
4
6
6
0
6
1
10
8
4
14
6
9
8
19
1
3
48
4
57
1
12
10
4
5
1
19
3
8
6
0
4
6
1
3
3
0
19
67
5
1
1
6
2
1
2
9
8
7
3
2
30
5
4
0
5
126
7
2
31
0
18
7
8
9
7
3
3
0
0
0
6
1
132
4
2
5
0
4
12
49
3
2
1
45
3
9
0
5
2
6
11
7
3
7
1
5
37
5
6
15
14
7
2
30
9
9
22
1
0
2
1
4
16
7
7
8
22
1
4
5
4
9
13
1
7
28
9
2
15
2
4
5
3
5
4
1
2
3
63
2
63
16
562
12
4
5
3
7
4
2
1
0
15
8
1
229
4
0
4
2
2
6
21
4
11
42
4
4
6
4
9
2
111
3
4
2
2
4603
6
13
6
5
9
20
2
8
6
3
7
13
2
5
12
2
8
22
10
1
331
18
2
40
8
1
65
1
0
7
32
0
54
10
10
3
4
20
5
6
7
5
2
2
8
0
1
9
70
9
0
9
57
7
10
7
6
2
8
5
5
3
33
5
191
0
8
7
5
1
8
6
46
5
15
17
2
0
6
5
3
6
30
2
20
9
5
6
55
17
4
3
1
4
13
3
0
3
2
8113
3
114
2
1
5
4
3
8
11
19
1
0
10
1
11
7
23
10
2
2
20
4
2
5
0
32
126
1
9
7
3
17
16
4
4
22
226
0
5
5
97
16
1
1
6
27
14
9
2
4
6
17
12
5
2
57
2
3
0
2
5
4
1
3
6
3
5
3
15
5
14
6
7
15
15
27
8
7
6
12
40
17
1
8
2
2
20
8
5
5
1
3
4
1
1
4
19
2
7
19
2
3
7
12
19
2
6
11
7
0
4
4
116
9
4
0
1
128
7
2
8
13
5
8
25
9
16
30
1
4
3
2
4
5
9
6
26
1
7
4
6
13
12
6
11
6
1
26
10
0
3
3
0
3
0
6
6
15
5
0
7
3
10
157
8
9
37
3
32
3
10
9
5
95
39
5
16
4
7
165
17
7
11
3
41
15
1
55
6
6
9
11
36
36
1
5
6
1
1
6
20
2
690
5
2
3
17
3
17
38
5
14
9
4
6
7
63
11
53
4
0
14
6
2
3
16
3
5
8
8
6
17
2
7
7
19
14
1
2
4
2
99
5
3
7
4
21
171
5
1
275
4
5
4
5
17
5
9
6
6
320
2
3
6
5
5
1
28
5
3
20
4
192
24
12
7
1
1
4
5
108
26
6
6
7
2
2
1
4
16
5
5
3
11
5
11
4
22
43
5
4
1
4
4
6
21
1
1
1
6
25
8
8
28
7
0
6
6
16
9
6
6
4
5
27
10
51
22
3
3
20
5
2
14
0
7
10
4
5
3
5
6
4
2
3
3
2
6
14
2
7
48
4
4
18
5
2
10
5
24
1
5
16
2
17
3
19
3
7
4
38
28
11
2
0
6
3
22
15
1
5
7
5
3
39
22
6
2
6
7
6
6
20
5
12
9
1
4
14
246
22
1
6
5
6
15
4
4
8
3
1
4
13
12
3
72
3
19
3
8
9
2
0
4
15
9
15
0
3
112
25
2
4
1
0
6
1
9
2
4
13
22
1
0
25
6
0
1
3
4
22
11
4
4
5
0
7
3
2
4
1
4
5
4
10
6
2
1
37
5
10
2
4
9
7
1
448
76
2
3
4
28
0
5
1
1
2
28
11
2
4
5
1
0
2
7
2
1
5
2
30
12
13
9
9
1
2
4
12
13
13
3
2
4
8
4
5
5
3
8
4
3
4
48
4
5
4
1
20
3
101
5
6
7
12
6
3
9
0
2
22
7
2
2
6
0
12
10
2
7
6
2
6
4
11
3
9
5
24
2
1
21
4
6
3
4
0
14
8
2
29
13
6
211
0
8
5
12
0
9
30
2
3
4
5
5
4
20
2
6
5
5
10
3
9
28
38
19
126
5
0
3
8
8
2
63
12
8
1
0
9
2
7
1
6
11
3
6
3
1
23
2
12
4
9
0
8
172
1
10
2
9
8
10
5
1
0
8
1
1
19
655
2
1
2
18
2
1
3
9
4
7
10
6
4
103
2
17
17
6
0
6
2
69
10
95
19
6
34
6
31
4
2
4
3
3
7
8
4
0
0
0
8
0
3
4
4
3
4
5
4
9
1
2
2
4
2
7
8
10
12
3
4
24
5
63
1
1
14
0
13
2
7
3
3
2
9
9
1
2
35
2
7
6
7
3
2
5
16
9
24
2
2
4
1
2
12
6
4
7
0
7
1
28
4
44
4
0
7
4
28
8
4
5
17
1
29
6
8
4
4
1
6
33
3
5
7
13
1
8
21
30
4
10
1
10
14
59
5
8
1
14
4
0
8
10
7
3
2
6
3
5
8
25
1
0
20
1
8
1
0
6
6
4
4
8
1
7
3
9
0
5
7
4
6
4
4
5
8
10
6
84
4
4
0
2
42
2
10
9
0
7
5
3
7
4
5
5
1
16
3
11
14
15
9
0
0
7
2
12
2
2
4
8
5
36
1
22
14
2
5
6
8
6
0
1
0
1
11
3
4
1
2
15
54
1
13
2
5
16
4
4
7
13
11
17
1
0
3
3
4
3
9
8
23
80
0
2
20
9
14
8
70
15
6
3
5
1
3
26
7
4
5
2
5
8
4
13
12
0
6
5
0
5
12
34
3
0
2
6
237
3
0
41
2
7
0
6
3
3
4
1
1
5
0
5
1
0
27
4
15
4
1
3
35
5
8
7
4
3
3
1
4
5
34
4
5
2
37
1
3
3
23
32
4
6
14
5
1
10
10
1
2
24
2
19
5
6
8
6
751
5
4
2
1
5
18
11
15
11
7
39
0
6
2
3
4
5438
8
5
22
5
96
3
3
50
3
12
6
9
0
18
4
3
9
2
21
8
1
21
2
2
4
1
4
5
20
30
9
9
3
2
9
5
9
2
23
1
6
3
7
1
14
18
12
4
3
12
20
3
2
4
14
4
5
4
8
54
3
10
2
7
2
9
8
22
12
9
64
1
3
25
0
7
1
27
27
1
2
16
57
1
1
11
12
17
5
1
27
3
5
4
262
3
2
3
5
0
5
41
4
35
11
5
32
4
3
9
30
16
2
0
24
10
2
13
4
2
4
6
5
1
2
2
2
3
7
95
4
15
13
6
6
5
9
1
1
3
3
2
22
1
10
7
4
2
2
29
2
4
11
2
18
9
7
12
2
2
1
2
2
1
1
8
4
1
0
1
6
28
1
2
15
2
4
3
7
3
1
1
3
3
7
15
0
23
3
7
7
5
10
10
12
12
8
4
23
2
4
0
3
9
3
2
1
4
4
7
2
1
5
10
12
38
13
16
3
1
26
4
12
0
2
5
291
24
37
6
1
8
7
3
8
3
43
1
7
19
0
13
8
2
5
22
9
15
3
8
6
0
0
4
0
9
5
4
2
1
3
12
1
6
5
1
3
4
56
0
18
21
12
6
4
0
4
5
6
3
1
7
2
5
2
4
1
15
7
1
3
3
19
5
10
2
13
1
6
4
4
23
1
33
7
7
6
3
3
3
3
3
8
9
56
3
432
2
10
6
1
1
233
5
13
1
8
11
3
4
5
4
16
4
10
7
1
0
0
172
1
3
1
21
7
2
2
153
1
9
366
5
5
11
4
1
6
0
4
4
33
2
13
8
17
29
3
5
92
15
2
3
1
1048
4
3
28
42
9
9
59
4
5
3
2
73
15
6
20
6
1
3
2
7
22
72
16
43
4
38
7
1
4
0
0
39
4
4
9
3
9
3
1
14
1
7
4
4
0
5
2
259
50
12
10
10
0
4
9
1
14
11
0
14
4
3
10
17
9
3
89
6
4
6
266
18
3
31
5
0
4
3
2
7
12
3
3
6
7
7
14
1
3
8
5
6
9
2
4
5
3
13
6
4
7
4
18
2
123
10
2
1
2
5
62
7
122
181
3
8
53
437
5
0
42
16
4
68
5
57
3
1
12
6
32
2
1
2
4
8
6
5
3
11
2
2
4
4
1
37
2
5
0
22
0
15
6
1
9
0
16
0
4
5
20
4
1
42
5
12
2
5
14
3
2
1
1
6
28
2
5
16
175
8
1
6
4
7
4
3
5
1
31
6
9
1
60
4
4
7
2
3
2
751
11
0
5
12
9
16
7
2
6
12
24
34
4
8
293
3
2
5
20
4
1
5
14
2
158
5
2
5
136
1
3
5
8
3
12
4
49
5
3
18
9
0
1
3
29
14
8
2
4
3
11
17
3
0
1069
2
19
6
5
2
20
1
12
5
2
4
2
3
3
7
8
7
9
0
2
2
1
19
22
6
2
9
1
10
2
19
6
2
2
5
2
3
7
9
19
12
6
2
2
0
6
13
2
10
17
11
5
6
9
2
8
5
2
0
16
8
5
5
15
24
2
1
44
0
1
20
6
3
6
6
4
0
2
5
3
8
0
2
14
3
8
14
0
4
6
7
11
20
3
1
0
58
18
19
8
2
45
6
5
85
3
5
5
42
17
3
11
21
2
7
1
7
5
5
9
5
8
1
1
2
11
9
15
5
14
4
7
1
47
56
4
9
27
3
3
6
2
1
1
1
32
45
2
25
5
0
115
2
8
2
2
23
2
2
7
1
8
7
17
7
30
4
7
8
4
2
8
25
6
0
2
2
401
2
4
7
38
1
32
3
2
9
4
7
5
39
14
3
2
0
18
9
8
6
0
0
1
42
383
2
4
1
43
5
2
1
15
8
14
3
3
8
6
1
1
46
26
11
3
6
200
4
33
7
1
4
1
0
2
0
7
3
43
4
2
9
5
7
4
12
6
8
15
3
3
5
3
5
2
3
16
2
6
5
15
3
8
25
3
0
7
5
1
18
4
26
8
4
4
28
4
3
8
10
82
35
6
6
12
19
1
6
5
5
2
4
4
7
7
63
14
1
68
3
2
7
6
3
8
311
11
4
5
5
13
2
63
4
3
1
4
5
8
72
2
18
5
1
2
4
2
4
4
5
3
29
4
1
1
2
29
2
4
1
26
3
10
1
4
7
4
49
7
1
3
6
4
3
20
3
9
4
4
4
4
11
33
2
2
5
14
7
7
0
0
69
3
0
13
6
4
3
3
2
3
14
3
14
11
1
249
18
2
32
10
13
7
8
9
3
28
4
3
2
7
14
22
1
26
15
3
194
17
3
7
3
8
9
8
12
2
22
17
1
13
217
7
2
0
6
4
3
11
10
9
6
1
2
3
2
3
8
30
5
2
4
6
1
4
3
6
18
2
71
9
6
8
7
4
6
0
2
129
18
6
2
4
3
135
5
6
23
5
3
6
2
5
35
2
5
4
112
0
5
2
4
2
6
4
3
2
7
1
41
29
4
118
10
4
3
6
1891
3
3
7
6
4
11
3
4
1
12
17
0
12
2
2
4
4
2
1
4
3
5
19
4
8
7
8
16
7
0
5
1
6
6
5
6
2
8
4
22
30
4
10
7
9
2
1
1
5
0
2
1
2
3
14
2
12
4
0
1
4
4
2
14
10
12
24
13
6
4
0
9
8
3
3
17
1
3
5
4
89
4
11
48
1
0
1
5
20
1
2
3
5
7
5
5
3
19
12
8
5
4
9
0
1
3
5
11
22
5
2
5
7
1
4
4
3
7
3
13
11
9
2
2
26
2
4
1
6
23
3
13
16
5
9
21
4
10
12
12
2
3
63
2
4
1
1
2
2
3
4
7
12
11
45
31
1
1
2
7
5
3
10
4
7
2
2
5
5
8
2
19
5
26
10
14
5
14
33
3
2
4
5
1
0
5
15
9
1
2
17
5
0
3
3
5
22
4
2
3
15
3
6
0
3
3
1
5
15
3
0
3
1
3
5
4
59
11
5
7
5
0
51
15
9
4
6
7
6
1
10
10
6
5
3
4
3
1
2
24
7
6
2
14
378
14
4
15
4
33
4
4
5
5
8
5
12
7
2
3
5
26
14
0
21
6
5
12
4
8
7
21
7
14
17
23
7
45
5
3
0
3
14
1
21
62
7
6
5
13
6
12
10
24
3
28
1
4
29
10
4
6
3
3
13
2
7
8
5
4
5
5
29
3
5
12
6
8
0
43
2
4
2
9
1645
19
15
2
3
4
5
1
26
8
1
34
5
40
19
6
2
1
56
9
7
10
2
11
2
18
3
9
1
8
27
4
8
6
5
11
1
2
4
104
1
1
1
7
5
7
10
0
3
5
11
10
4
8
10
4
7
6
3
6
4
3
6
3
9
2
4
9
2
4
63
4
36
3
10
1
0
1
73
7
32
6
2
6
9
65
3
4
10
3
1
5
9
10
13
5
0
2
4
5
8
9
9
5
17
3
1
3
5
9
4
5
1
3
6
4
2
4
3
4
4
4
10
2
8
4
0
3
6
1
4
0
8
1
2
6
3
1
0
3
14
3
24
1
46
4
1
15
1
9
2
9
0
5
2
3
5
6034
0
32
6
16
21
3
7
4
5
18
10
6
21
83
489
4
9
3
7
1
416
1
5
19
0
3
4
4
3
4
30
0
4
13
8
1
4
4
9
43
1
6
4
5
2
23
2
20
2
76
3285
18
1
10
0
8
8
8
9
6
2
9
9
6
2
9
4
3
768
9
1
1248
167
1
2
10
7
1
9
3
8
0
5
5
1
6
4
2
5
3
4
33
2
2
0
10
24
6
22
2
2
4
9
58
17
8
29
8
0
4
14
0
108
7
3
5
3
12
4
15
3
3
3
8
7
29
2
1
11
6
0
8
8
25
2
9
10
8
9
7
7
3
10
27
14
1
13
4
7
0
12
3
6
8
7
13
2
60
3
15
1
14
1
22
1
14947
4
24
4
6
1
3
1
12
4
128
32
1
34
6
7
5
10
6
1
1
0
10
7
3
3
16
2
4
6
15
19
0
8
5
14
112
20
0
9
0
14
9
38
5
8
2
25
1
4
4
2
88
1
10
12
3
3
9
10
22
13
1
7
5
8
3
8
3
3
2
204
2
1
3
2
65
10
10
2
2
7
2
1
18
2
3
9
4
8
2
2
4
4
0
2
6
17
16
46
3
1
153
6
4
112
10
3
5
1
4
9
0
34
4
243
5
4
0
4
8
10
1
8
0
8
1
22
26
1
7
6
10
1
3
1
6
11
0
3
1
7
5
5
20
2
3
51
22
6
5
7
32
10
4
5
6
18
5
0
5
6
4
2
3
5
7
17
0
5
22
27
1
1
132
5
6
38
13
10
6
8
1
2
4
8
11
6
4
6
283
2
11
5
10
8
4
2
2
8
15
6
7
0
10
6
10
8
1
1
3
1
19
8
8
6
0
9
2
87
42
3
4
5
0
2
3
1
7
4
12
119
24
11
3
6
5
34
1
74
2
7
11
12
5
5
7
6
6
11
9
13
7
1
4
31
7
23
4
0
7
7
7
3
0
5
3
21
3
1
3
4
4
20
3
1
1
1
5
3
3
8
1
3
14
2
5
2
5
9
15
11
1
9
4
6
2
41
37
8
1
7
2
8
9
292
35
3
7
3
3
6
3
4
9
12
5
5
3
4
6
16
7
9
16
4
6
10
128
5
11
3
71
6
86
14
14
1
4
3
9
4
0
2
15
883
2
15
6
8
16
18
4
3
7
5
4
3
187
8
6
6
34
21
20
50
43
10
9
3
7
9
2
10
7
0
3
34
4
5
13
46
3
15
19
58
1
135
3
12
2
2
3
10
2
5
1
2
8
3
31
7
6
20
4
17
5
63
15
3
7
18
7
2
9
6
1
18
3
0
2
20
8
15
2
25
4
10
2
1
6
8
3
0
25
4
5
1
17
2
1
5
2
1
14
9
2
2
4
18
5
2
4
14
9
8
10
1
2
25
3
16
24
2
16
64
12
14
181
19
13
5
14
1
1
0
6
3
87
33
1
2
2
6
12
10
3
44
3
5
4
14
12
5
6
0
1
5
4
36
2
4332
15
6
5
8
12
12
0
0
1
3
0
6
1
6
12
9
7
4
4
5
0
110
6
7
6
1
0
1
79
0
4
14
7
3
25
6
5
1
5
1
5
6
70
0
1
43
5
238
23
10
9
2
2
300
3
5
15
7
0
15
12
20
359
2
1
9
6
5
6
3
2
60
14
3
5
8
4
1
3
2
12
10
51
2
8
4
3
3
2
5
10
10
4
4
73
9
13
2
2
28
29
63
4
2
9
44
8
8
12
22
98
7
69
19
2
39
4
32
16
101
28
7
3
1
4
2
4
0
13
0
4
1
3
14
5
11
0
2
0
12
4
0
8
15
3
5
43
7
14
3
8
22
8
3
3
8
0
18
3
1
0
8
127
2
5
10
2
1
3
11
4
58
0
332
2
4
13
51
22
4
7
299
3
4
6
5
3
37
1
5
114
8
3
9
1
4
3
1
19
3
7
6
2
6
4
6
1
2
9
9
12
18
18
14
6
8
3
5
1
7
5
1
0
7
1
3
2
3
3
1
1
7
0
8
20
16
5
6
12
5
10
17
18
7
6
2
6
7
7
0
4
4
5
65
2
7
33
1
4
3
5
10
3
3
30
6
15
20
3
1
66
8
5
6
1
6
1
5
10
2
4
1
5
20
8
38
2
1
8
4
12
1
5
2
0
2
0
4
1
1
4
32
8
2
2
3
27
101
8
2
2
11
1
236
5
0
7
9
0
1
1
64
10
8
452
8
4
2
22
8
23
11
7
1
3
7
6
24
13
2
6
1
22
5
4
2
3
13
15
3
13
27
1
8
9
46
4
6
5
19
5
9
6
9
5
27
6
8
1
10
4
8
3
29
4
0
6
24
14
0
0
6
6
7
4
0
4
8
2
5
4
21
1
55
5
0
5
11
2
1
16
13
2
10
52
8
31
3
1
7
6
5
3
15
7
4
5
67
28
3
2
6
3
11
4
0
2
29
13
93
8
3
1
151
8
5
1
5
4
3
7
2
4
2
7
5
3
2
2
18
2
4
1
2
14
6
2
3
2
17
11
1
11
2
1
3
50
6
3
41
7
1
3
1
1
2
1
14
3
2
5
4
5
3
5
7
0
69
11
7
8
13
4
5
49
34
2
1
30
2
7
18
8
3
3
0
38
20
8
2
38
7
4
10
150
1
3
5
6
4
0
7
1
10
9
3
3
4
2
5
4
8
5
37
2
10
27
38
7
4
3
9
3
10
4
1
2
2
4
5
3
2
2
9
5
1
2
6
12
4
4
1
5
80
2
5
9
5
9
101
0
5
14
12
4
10
0
7
2
1
1
4
1
10
53
10
4
0
1
4
22
11
8
2
2
127
113
17
9
2
0
6
10
28
13
3
10
24
7
8
5
5
23
6
5
8
10
3
6
3
4
0
1
16
4
26
3
1
2
5
10
4
2
14
3
15
1
2
3
10
59
7
8
1
3
2
2
667
4
9
16
1
10
7
6
243
1
29
4
4
25
3
4
3
6
6
2
7
6
5
2
24
16
3
1
26
7
5
12
4
4
3
4
1
7
7
7
6
14
1
5
0
6
56
3
2
3
23
21
1048
5
3
15
6
5
3
14
4
9
1
2
5
8
5
15
9
4
4
114
19
26
5
1
6
1
1
7
18
7
16
22
4
3
6
1
2
4
12
12
4
2
4
9
0
24
2
8
4
11
4
2
5
24
1
7
6
101
3
2
0
10
4
6
5
0
15
1
8
4
3
1
2
5
5
3
0
20
7
8
5
1
7
7
3
17
8
15
10
13
19
10
0
11
3
1
19
11
4
12
15
0
6
1
2
10
32
7
7
2
5
1
2
1
3
1
26
4
2
5
42
5
3
8
4
8
7
3
4
5
17
5
6
48
186
14
5
11
6
5
7
6
6
22
15
2
4
8
4
11
1
0
2
4
6
1
4
13
4
7
14
2
3
31
42
0
4
2
5
4
28
6
5
45
0
8
11
16
1
2
4
3
43
7
4
36
0
5
2
2
2
73
17
6
0
4
3
47
2
20
6
4
5
5
1
2
25
1
1
6
5
40
3
7
6
13
7
13
12
217
10
7
4
4
36
2
30
17
6
5
15
8
3
6
13
0
3
3
2
8
3
1
0
5
2
5
6
2
1
4
8
2
139
7
2
1
13
3
11
11
3
3
23
2
5
8
5
9
57
2
18
6
4
21
13
14
3
13
5
14
5
3
22
30
74
3
3
3
247
10
2
5
11
16
2
2
5
9
1
7
28
4
0
5
10
5
9
3
4
3
6
4
20
12
0
1
3
1
22
22
7
10
15
13
4
15
5
7
4
9
20
4
13
8
3
97
2
1
5
9
3
7
1
3
0
8
3
2
1
6
6
10
7
8
23
1
7
3
22
126
7
3
2
13
5
2
38
5
3
2
3
1
17
2
5
4
4
5
11
4
9
15
2
45
4
5
3
13
3
9
44
8
0
4
1
4
1
6
5
10
4
4
0
7
10
8
3
9
7
11
3
3
1
18
10
6
6
10
73
19
7
3
7
10
98
14
13
13
7
14
9
7
9
3
2
1
2
15
3
0
1
5
43
2
14
3
53
3
5
11
11
2
62
7
5
7
7
7
6
0
7
4
1
2
10
0
7
3
25
6
9
9
84
3
5
3
177
11
4
1
2
19
1
19
44
3
1
12
3
26
13
4
4
2
6
4
15
5
13
5
21
14
3
5
5
4
0
10
6
3
11
8
93
1
1
7
38
0
0
1
5
2
2
2
4
4
3
1
5
7
11
1
3
3
5
4
111
11
35
9
21
16
112
4
3
8
7
1
4
1
4
2
2
20
23
6
4
6
12
43
3
13
6
4
7
3
2
1
6
3
0
54
7
131
5
2
1
7
3
4
6
11
0
7
3
10
6
6
6
3
92
17
3
162
5
10
6
1
12
2
4
2
4
3
6
10
5
31
0
4
6
4
3
3
7
6
43
25
10
6
2
6
5
7
3
4
116
0
1
4
0
1
2
7
9
4
84
6
3
7
5
5
1
2
1
89
6
1
17
2
16
18
8
4
12
7
6
2
11
3
8
5
2
7
17
1
15
5
2
7
8
4
4
2
101
8
3
11
39
1
14
21
10
5
6
2
1
85
14
3
8
3
5
18
5
1
6
1
5
42
5
7
18
2
6
17
7
3
6
15
6
7
7
1
1
6
19
12
22
4
1
10
5
2
29
0
6
7
7
2
5
5
1
3
6
2
8
37
4
2
21
241
12
23
9
4
2
13
13
4
0
2
7
5
4
1
3
15
2
15
5
1
13
4
13
18
7
0
2
83
4
0
2
0
0
2
0
1
6
2
16
0
14
6
3
6
5
2
1
3
1
79
7
3
6
3
61
1
12
7
3
5
3
28
8
9
5
2
4
5
8
2
3
3
3
4
2
22
14
4
9
8
2
7
7
1
1
2
3
26
2
3
5
3
65
4
3
4
17
1
7
0
0
5
3
15
6
11
1
2
11
3
1
1
13
6
55
2
13
13
4
1
2
4
35
3
3
6
8
0
3
9
8
37
7
4
9
2
6
4
0
15
16
5
73
0
2
1
1
15
11
759
0
5
8
1
10
1
35
5
8
11
8
7
24
5
1
5
4
23
5
7
1
6
4
0
19
3
4
20
5
3
1
4
0
0
9
11
12
7
7
9
5
2
2
2
9
5
8
9
5
2
4
3
8
9
2
3
6
13
2
2
4
4
6
0
14
4
7
7
8
0
10
5
2
108
13
1
10
6
2
6
2
5
6
44
4
1
4
1
254
6
4
10
23
9
2
2
10
110
3
2
3
6
5
2
8
1
145
9
12
0
14
14
4
6
42
13
4
40
6
29
85
6
10
6
0
14
6
1
3
0
17
4
47
8
0
11
163
18
2
6
1
3
2
1
4
2
3
6
4
16
3
3
0
4
13
4
4
3
1
12
2
7
6
5
5
7
12
2
2
2
2
0
1
13
9
2
4
2
2
6
4
8
12
9
3
9
89
6
2
4
1
21
13
5
0
10
7
0
2
24
3
8
5
7
14
1
3
1
2
5
6
14
2
13
0
11
5
3
27
6
6
7
45
11
0
3
10
9
1
5
9
6
1
10
5
4
6
2
6
6
5
0
14
5
4
18
2
2
10
1
5
5
4
6
13
3
0
4
1
4
27
9
2
2
14
4
5
4
15
142
11
10
5
6
35
4
0
39
0
3
0
0
8
4
1
6
5
1
0
8
4
0
12
1
8
18
10
21
3
1
11
16
6
2
25
4
16
7
9
1
60
15
4
6
299
4
5
1
5
6
14
2
4
128
7
47
12
10
8
3
1
17
23
1
2
5
41
80
2
9
3
2
8
2
5
19
6
9
1
1
3
2
2
2
3
36
9
2
5
9
3
39
0
6
6
5
2
4
4
0
2
172
6
4
1
34
9
7
4
3
3
4
10
21
3
9
8
14
2
10
4
8
4
2
20
4
4
6
6
25
10
17
12
0
0
6
2
1
1
8
11
3
104
3
2
4
2
19
6
13
3
13
5
13
5
1
9
5
3
13
4
10
3
5
6
2
6
1470
54
4
3
8
4
5
7
4
2
0
7
6
8
2
1
15
1
5
6
20
3
1
0
5
2
19
5
3
171
0
2
0
13
7
4
3
2
3
3
3
3
7
1
16
0
11
11
43
0
8
10
2
3
10
2
11
3
26
7
5
6
24
25
3
18
6
12
10
2
5
1
10
3
382
7
12
3
2
7
4
8
88
12
6
1
4
4
6
6
2
0
6
5
12
544
38
1
4
6
11
12
3
3
6
3
12
14
20
23
0
2
3
3
10
4
1
10
5
1
11
3
7
16
5
36
38
8
5
8
29
8
3
7
213
19
4
0
5
3
49
5
6
3
1
4
2
10
2
2
21
2
68
5
2
32
12
3
3
1
9
7
9
10
11
5
3
9
6
2
5
1
31
3
3
1
12
2
3
12
8
5
0
1
3
1
73
4
2
1
28
12
16
0
7
15
0
8
6
13
2
16
1
2
4
3
3
22
3
3
10
34
15
1490
1
4
2
2
3
6
5
0
5
1
3
2
0
5
3
11
4
4
15
4
3
13
22
4
3
4
3
1
3
17
3
14
4
5
2
3
3
10
4
25
4
5
5
3
6
1
1
3
10
8
37
3
13
24
2
6
4
5
28
5
4
14
7
4
56
2
11
15
9
0
7
4
164
14
5
1
9
3
8
7
12
8
2
2
255
12
21
1
4
2
2
5
8
2
38
30
26
6
9
5
6
4
4
1
41
15
2
11
9
0
209
1
16
667
0
9
2242
9
2
4
6
2
4
2
7
1
2
84
8
0
35
7
1
10
6
3
3
2
7
1
2
1
85
2
4
5
2
1
13
60
3
3
6
8
0
27
3
6
1
8
19
11
17
15
7
2
4
14
11
0
5
8
4
7
4
2
2
5
5
2
5
4
5
3
2
5
5
3
2
1
22
4
0
5
15
4
4
3
5
13
5
20
8
38
12
2
5
3
13
5
1
1037
2
5
5
7
5
4
6
6
7
19
2
3
2
5
4
4
0
11
4
8
9
7
33
6
5
49
2
26
6
4
5
8
3
10
2
112
131
51
12
2
2
1
0
6
3
58
2
1
2
18
7
11
4
4
5
4
30
6
2
0
50
6
3
2
0
8
9
3
2
72
11
0
43
2
6
8
2
6
14
5
12
2
18
4
15
11
10
6
4
38
4
3
2
19
7
5
5
11
1
48
11
3
1
0
5
6
11
33
3
3
7
5
14
1
4
7
7
4
3
10
4
3
11
3
14
2
1
3
10
97
0
9
3
1
33
9
0
11
245
4
261
6
10
2
22
6
9
4
23
1
3
3
7
2
2
6
7
2
0
0
7
3
40
247
4
6
3589
7
15
9
14
6
6
2
18
16
9
2
19
2
1
46
9
3
6
4
105
16
6
11
4
3
5
8
3
2
2
2
1
6
15
2
3
4
8
0
2
4
4
3
1
16
4
15
1
5
0
0
2
1
5
3
3
5
4
4
3
4
6
8
10
11
4
28
3
12
11
5
35
3
11
8
6
5
16
9
12
13
8
3
5
12
7
14
116
6
2
7
22
61
19
6
3
10
6
7
79
5
5
2
2
23
5
17
3
140
48
10
5
5
7
15
6
15
4
3
4
0
1
6
1
8
11
6
15
5
17
601
4
15
13
10
21
40
3
14
6
5
2
2
6
0
1
4
2
3
45
5
2
9
5
9
2
2
13
10
5
315
3
15
6
2
2
18
2
3
1
4
16
11
4
3
2
2
2
7
13
13
2
152
21
25
3
25
18
16
6
6
10
17
4
19
7
2
2
3
6
0
4
5
5
3
14
5
5
4
1
5
6
19
23
6
1
2
6
3
7
1
3
6
90
11
4
7
0
11
1
20
1
1
6
0
6
7
4
21
2
6
3
4
7
2
3
4
0
3
6
6
5
5
0
4
34
11
5
0
3
6
10
7
58
6
2
5
5
3
22
2
8
21
14
214
41
15
5
2
0
4
10
21
13
2
1
9
9
3
4
2
5
1
3
2
2
3
1
70
4
7
3
4
2
16
1
3
0
1
2
1
6
7
4
6
2
6
2
14
58
7
0
7
7
2
1
6
152
1
2
2
1
2
2
10
3
399
0
14
1
2
110
3
21
2
1
1
28
23
7
51
19
19
95
16
2
3
3
6
0
2
8
4
32
1
3
9
1
67
59
2
1
12
60
1
4
2
14
3
6
1
4
5
2
2
9
6
6
1
388
3
12
5
1
5
9
3
63
6
8
132
4
2
6
5
1
2
3
4
7
2
3
2
1
12
34
2
230
25
2
10
0
0
46
11
5
1
6
21
4
3
33
2
3
0
6
23
3
8
9
42
22
0
2
4
4
5
3
7
59
2
4
234
4
9
2
5
2
4
9
1
4
1
68
16
3
6
3
4
1
12
39
11
5
2
30
5
2
4
5
26
7
7
3
1
2
10
17
3
3
3
18
25
15
6
3
11
1
3
8
2
4
1
4
7
3
8
8
23
8
77
5
8
6
10
2
3
14
2
1
2
12
1
1
4
9
3
1
11
1
4
16
4
2
5
2
26
3
4
5
35
14
23
307
6
3
6
3
0
5
2
3
1
2
21
3
4
3
41
81
5
7
11
19
4
14
16
50
0
6
4
15
4
17
9
11
4
3
11
6
11
5
3
12
1
6
4
6
30
5
1
8
1
3
11
2
6
7
1
0
0
4
8
47
14
3
40
1
3
42
4
12
1
2
4
18
6
5
8
2
6
10
7
12
31
5
11
3
2
5
64
3
5
40
8
7
5
1
5
5
6
38
6
6
6
4
7
4
4
14
5
5
2
16
21
0
7
3
1
2
9
7
6
5
0
5
4
13
2
34
5
5
8
6
2
0
10
3
1
5
35
4
4
7
1
3
4
12
108
10
0
2
3
54
9
0
27
6
18
903
6
6
18
22
5
8
5
11
1
3182
5
3
0
1
1
19
3
3
2
13
16
2
24
10
18
8
7
7
7
5
10
14
14
14
1
13
14
3
14
2
7
0
1
5
10
11
7
3
7
16
10
1
2
370
7
1
3
16
23
4
10
5
33
0
17
15
43
0
39
1
46
2
8
4
11
239
50
11
3
15
10
2
5
8
2
1
1
4
5
8
7
3
6
13
8
9
1
4
4
16
0
0
25
1
6
26
6
11
2
6
6
1
11
3
25
7
0
1
41
2
24
2
9
9
87
213
0
3
6
3
35
7
0
5
5
0
1
7
17
16
9
7
2
3
0
6
2
3
6
5
8
0
5
21
362
16
11
5
13
4
2
28
8
3
4
9
1
5
9
9
3
8
3
27
8
2
2
5
3
4
5
20
0
14
2
19
0
3
6
2
9
42
10
3
6
9
1
4
4
3
0
3
5
5
76
4
4
0
6
3
2
12
11
6
6
20
11
1
9
4
10
3
50
3
2
21
3
44
4
5
1
18
12
5
3
3
6
4
1
39
10
20
6
1
8
11
18
3
4
5
3
93
8
11
8
4
3
16
6
3
7
29
6
2
2
2
43
1
3
1
21
11
3
4
2
5
14
8
5
5
1
8
2
1
4
10
0
2
5
4
2
9
2
3
15
13
67
4
5
2
6
19
8
1
10
0
51
2
12
3
2
7
17
6
1
48
6
6
45
1
1
13
4
6
61
7
1
1
10
7
3
3
5
132
5
1
6
1
2
101
0
5
3
8
1
7
3
10
12
12
8
4
7
6
1
2
14
16
15
96
109
7
4
12
5
2
0
4
23
18
14
1
5
4
3
0
12
1
4
1
38
0
1
5
2
28
11
3
12
10
4
6
103
12
20
0
6
8
17
4
0
2
4
14
1
3
7
4
7
6
8
43
11
1
2
9
19
22
2
5
8
6
2
3
6
2
6
6
3
7
2
1
66
13
39
36
6
2
8
0
1
1
8
3
0
4
5
4
1
2
3
3
2
1
16
2
1
3
10
2
6
13
3
3
4
16
3
5
13
51
7
52
0
8
4
3
7
4
2
3
10
27
12
5
9
12
6
124
43
9
5
12
5
2
37
45
2
12
7
0
4
7
8
1
6
3
6
1
1
569
3
4
13
7
5
8
5
3
12
4
7
4
3
3
14
3
28
3
0
38
5
3
0
95
28
4
1
5
22
0
1
4
5
6
6
8
18
53
4
4
6
9
9
2
47
7
0
3
2
7
191
2
10
6
7
6
4
7
3
1
7
0
3
10
6
3
8
6
8
112
4
5
6
2
2
58
0
15
2
14
13
6
2
4
7
11
2
2
3
2
2
8
14
8
2
1
16
6
2
5
1
2
9
0
76
5
9
1
5
0
2
4
3
5
3
15
19
12
4
4
36
8
4
53
21
98
1
3
3
4
3
4
3
1
2
15
3
9
32
2
6
10
2368
11
39
2
9
4
3
25
5
2
2
5
10
2
0
5
0
6
2
36
6
2
3
9
12
7
23
29
2
9
4
5
7
24
4
5
0
8
19
4
4
3
11
16
32
8
3
3
51
6
5
0
8
5
6
10
91
6
61
12
19
361
5
2
248
7
2
7
14
9
5
5
7
4
3
4
2
4
3
5
1
1
5
3
1
2
13
16
2
1
11
4
7
80
13
1
6
7
2
4
8
50
4
4
3
9
1
2
5
8
7
2
3
3
2
34
18
67
7
4
5
91
9
3
1
5
1
6
5
2
4
5
4
2
505
5
2
2
5
8
10
2
2
4
8
4
4
3
1
19
18
10
1
42
3
8
9
19
22
4
20
5
6
5
15
2
4
3
3
2
6
25
8
2
6
0
3
17
9
16
7
12
6
1
10
5
8
2
3
4
1
7
1
6
21
3
9
19
7
5
1
6
31
19
2
23
1
4
2
5
23
5
5
2
1
4
3
2
4
1
48
2
1
31
48
20
34
4
4
12
2
40
19
7
11
5
5
2
10
2
9
0
15
2
2
16
1
9
4
6
0
8
3
23
45
0
7
10
17
2
2
2
7
1
7
7
14
1
204
2
3
5
3
19
16
6
4
1
2
3
11
7
11
0
4
13
1
4
1
1
1
8
3
11
40
0
4
1
8
2
10
3
3
89
7
7
1
99
0
13
9
1
18
6
11
3
18
2
13
243
285
9
16
7
13
20
3
8
7
1
2
2
5
8
15
4
11
4
6
2
1
12
5
2
2
21
6
5
38
2
10
9
2
6
3
2
0
3
31
369
6
6
5
5
7
2
5
121
3
8
12
7
5
7
5
3
11
10
9
0
6
0
0
4
12
3
9
0
14
4
4
12
5
8
3
21
3
27
23
0
4
3
1
9
0
1
16
8
4
5
2
1
4
4
2
3
3
9
0
12
0
24
10
115
6
0
12
9
8
10
292
4
100
6
14
11
0
23
6
0
1
1
5
4
21
32
17
5
5
9
2
3
14
5
16
13
2
70
18
2
427
7
3
4
5
12
27
1
26
8
3
9
22
4
3
71
17
3
4
76
5
3
7
52
10
3
2
0
8
2
12
4
4
8
2
2
9
3
5
14
6
6
10
7
5
4
0
6
7
2
2
3
7
11
5
1
9
4
23
78
26
4
2
6
5
0
1
5
7
1
3
7
1
4
7
34
2
6
5
5
15
1
4
3
4
3
25
3
3
0
4
7
3
6
3
10
23
27
4
0
3
14
35
7
1
0
8
16
8
5
4
6
3
27
30
7
9
5
93
2
10
93
343
1
79
1
2
4
23
6
13
14
1
9
6
11
2
5
4
5
7
4
1
5
1
20
0
1
4
5
141
4
1
2
4
12
5
3
1
4
4
4
3
4
1
2
7
2
1
11
1
2
0
8
1
3
11
1
49
5
5
49
1
12
67
18
1
1
407
1
2
2
4
45
12
97
5
15
12
3
2
23
3
12
4
6
24
2
5
5
2
1
6
1
5
1
2
5
2
8
0
3
27
8
1
6
3
3
4
2
1
2
8
6
12
3
0
2
7
9
47
7
7
1
76
7
11
0
27
3
0
5
5
1
4
9
1
35
2
2
5
3
3
2
2
12
8
1
22
4
3
3
5
25
1
8
2
2
3
8
0
0
3
5
28
235
14
5
1
1
63
1
207
10
79
12
15
12
1
0
6
63
7
4
7
4
6
9
1
7
2
11
3
7
39
4
116
5
13
43
5
19
4
2
3
44
1
168
1
8
25
4
9
5
13
3
1
25
11
5
21
2
16
15
2
18
4
2
47
6
10
6
10
9
1
12
23
17
3
44
4
4
3
5
5
5
6
3
5
2
6
5
3
16
27
5
16
2
24
11
1
3
48
9
5
8
21
5
1
5
1
4
5
3
35
40
78
11
17
4
15
16
4
7
8
11
3
7
5
5
32
4
2
4
6
5
81
5
14
11
1
4
6
0
17
2
36
197
0
0
5
5
5
3
21
2
4
8
0
59
16
6
7
27
6
2
10
5
11
0
10
6
12
14
4
2
2
1
28
7
7
8
2
6
1
9
9
4
6
18
5
3
4
1
7
9
3
3
0
3
85
10
1
1
3
4
1
4
11
80
4
9
4
1
16
6
268
18
10
2
4
9
3
5
4
9
2
2
28
33
0
1
12
0
4
1
3
4
2
8
27
45
8
1
3
10
1
2
3
6
2
20
21
6
6
3
449
5
4
0
7
14
9
4
1
5
16
6
2
1
7
14
4
3
6
3
0
7
1
3
2
7
8
7
5
5
5
16
3
11
6
6
4
10
3
1
2
1
27
0
150
1
5
2
9
7
1
0
12
8
4
13
3
9
2
12
5
2
1
0
0
9
5
4
3
5
39
6
131
5
5
4
73
5
3
22
9
77
4
8
4
30
0
13
0
11
2
8
2
2
3
2
3
5
5
1
4
2
6
6
18
9
11
17
7
14
5
3
35
4
9
3
10
2
28
5
7
1
7
1
37
5
11
5
5
899
45
6
1
2
3
2
12
53
4
6
11
8
0
4
20
3
2
2
0
9
3
2
7
3
20
10
31
4
16
3
2
0
3
1
2
4
2
4
3
2
2
14
6
0
4
6
3
5
4
16
5
9
1
13
12
3
4
2
4
19
13
5
9
6
1
2
7
9
9
0
4
4
1
15
0
12
4
50
2
7
1
25
95
2
3
7
18
1
15
3
7
3
18
10
53
9
6
6
2
7
19
73
38
6
6
6
16
5
6
1
1
23
6
9
2
17
18
13
3
2
5
1
3
6
7
14
5
15
6
6
0
5
241
5
3
3
12
12
5
8
0
42
750
13
9
4
2
2
6
4
6
5
1
12
4
2
7
15
97
3
6
6
3
4
2
4
11
1
32
13
2
4
26
0
1
4
9
4
19
18
5
9
11
2
141
1
7
24
10
19
3
3
6
1
4
5
11
7
6
1
15
14
7
34
1
27
7
12
3
14
7
2
1
0
2
15
191
3
4
13
3
1
2
4
7
4
6
5
5
8
18
4
8
3
7
9
2
3
1
5
2
23
4
10
88
5
52
424
3
6
1
3
2
23
13
5
1
5
7
3
12
1
5
11
2
109
1
1
6
3
8
1
13
4
21
22
2
2
6
1
8
17
13
3
2
1
11
4
2
2
37
9
8
1
2
30
9
11
16
4
4
2
4
5
17
6
1
14
4
1
7
4
11
3
9
7
9
9
0
6
19
4
1
81
3
11
1
1
12
5
21
3
7
95
0
3
2
11
10
4
2
5
6
1
19
7
3
5
6
4
18
5
1
1
7
7
5
11
4
3
2
8
2
6
2
2
7
6
6
9
11
3
1
3
16
2
1
2
3
15
2
1
0
2
1
2
2
20
7
7
16
9
0
4
59
4
7
4
3
3
8
17
1
2
14
3
2
4
8
6
3
8
5
1
8
3
4
1
5
8
15
5
3
5
8
2
3
7
17
0
15
46
0
21
3
8
2
11
5
4
4
6
16
7
0
52
9
11
4
13
5
2
13
8
4
7
6
0
4
6
11
7
5
11
4
6
1
1
13
7
3
49
3
7
10
4
1
98
2
11
3
0
2
1
4
1
15
2
6
12
73
33
8
9
4
0
0
6
6
2
3
4
3
2
11
5
5
6
6
3
6
34
11
4
20
2
10
7
5
1
22
1
6
23
7
14
4
4
2
2
5
6
2
2
4
9
7
4
3
8
1
1
7
6
6
5
5
1
18
35
36
3
6
3
49
14
0
6
110
3
2
14
5
3
14
11
0
3
23
9
115
11
0
4
2
97
4
2
7
8
6
4
45
0
14
3
49
7
1
25
6
3
1
37
5
7
4
10
6
6
2
20
4
5
7
1
3
6
1
4
3
43
4
6
9
2
27
8
4
6
8
2
26
5
4
1
9
3
30
1
2
457
29
3
14
28
14
9
4
62
326
4
8
4
213
16
2
1
1
0
0
6
12
8
48
3
2
4
16
8
8
1
14
0
3
12
13
7
44
2
1
1
10
9
11
101
6
0
12
6
4
5
10
0
4
5
8
1
9
4
2
3
8
1
8
5
9
6
4
1
3
4
2
6
289
6
6
2
11
3
8
1
5
6
22
13
2
1
43
4
2
4
28
1
10
1
4
3
1
14
10
3
1
1
218
111
2
8
7
3
17
19
33
3
10
7
8
27
41
8
2
1
3
2
13
4
3
2
15
5
6
13
33
4
5
6
2
2
7
40
9
9
19
6
4
3
5
4
12
7
0
1
0
5
3
19
4
5
47
2
179
5
6
5
102
4
3
3
3
4
0
6
5
28
240
31
4
8
2
10
2
21
8
4
8
5
3
0
4
13
2
40
3
2
2
13
1
223
62
3
4
12
1
3
19
99
14
6
5
104
8
4
18
2
7
169
1
9
57
72
14
2
5
17
22
4
4
101
8
3
4
1
11
0
2
5
683
3
2
3
2
12
10
2
12
14
4
0
298
9
8
5
6
1
9
3
4
0
1
0
3
26
6
4
19
5
1
11
2
7
5
3
21
0
4
5
4
2
7
1
3
5
2
6
12
2
15
8
2
2074
0
56
14
3
48
7
2
0
3
7
7
1
5
3
2
6
0
1
0
4
5
417
14
12
2
10
7
11
9
2
7
3
21
5
2
7
8
6
3
8
5
3
1
5
3
7
17
97
46
2
10
0
8
1
254
13
59
12
8
7
32
10
7
7
3
2
310
15
4
35
6
4
16
12
10
16
7
7
9
5
2
0
1
11
2
5
3
1
2
3
18
2
3
21
3
4
3
7
3
138
4
2
7
2
5
10
2
7
139
2
53
8
0
11
28
18
7
4
78
7
4
22
3
5
11
7
3
0
5
0
16
3
0
5
7
9
20
2
8
5
4
5
1
5
7
12
27
6
7
1
17
0
2
1148
2
19
2
14
21
13
7
270
2
5
3
1
2
3
16
1
8
3
10
2
35
2
3
17
3
2
6
3
5
12
5
6
29
5
2
15
6
5
9
4
7
7
2
6
8
5
9
93
9
9
13
1
127
3
2
3
2
11
5
5
2
5
5
0
5
8
14
15
0
27
2
10
2
5
4
9
3
6
30
3
14
2
2
2
2
141
5
1
6
7
9
1
2
8
1
4
1
2
2
1
0
2
9
4
50
3
0
7
28
2
0
2
6
6
2
33
19
3
5
0
4
2
10
3
11
27
3
9
3
0
10
3
4
27
18
0
35
1
6
1
1
1
1
6
2
8
3
1
3
5
6
7
9
19
5
5
327
10
23
34
5
12
2
2
4
3
8
106
3
2
12
21
2
5
3
8
48
0
1
4
3
8
3
1
18
19
12
6
2
10
24
1
15
36
12
2
16
4
2
1
7
5
14
4
9
4
4
9
28
10
6
3
3
3
8
8
2
6
8
4
136
1
14
3
10
4
2
2
13
5
16
0
21
3
5
0
4
6
4
11
4
71
30
4
7
3
2
0
13
27
12
5
3
20
1
27
5
1
14
4
9
2
44
1
2
5
6
0
3
8
9
5
5
4
3
9
5
7
0
6
3
23
17
14
7
0
9
7
6
11
8
3
14
8
4
12
84
8
3
6
5
2
1
12
6
6
14
7
19
6
2
3
18
8
44
1
5
11
4
1
3
16
2
11
2
6
5
7
1
0
9
61
11
6
19
0
4
5
2
4
12
51
3
3
3
12
4
14
11
13
5
2
4
4
3
23
6
2
5
12
30
12
1
4
13
0
2
1
14
7
6
8
6
40
19
7
34
2
5
1
3
9
2
0
1
13
11
4
7
2
9
3
4
5
0
2
14
0
3
34
6
1
59
3
1
2
3
2
7
3
4
3
7
0
20
241
37
6
4
13
10
21
0
3
5
4
5
17
5
6
9
103
41
5
3
11
1
2
0
2
11
14
4
14
1
1
4
3
2
6
1
10
9
7
1
3
2
4
5
11
4
23
2
2
4
2
7
7
1
5
13
93
3
4
5
4
5
3
0
17
5
25
11
4
8
49
0
4
8
13
5
5
2
7
17
10
8
8
1
20
56
6
1
0
2
8
102
1
23
6
13
8
14
3
2
177
8
8
9
1
6
5
0
2
6
9
3
4
23
2
4
25
39
3
8
5
34
4
10
77
7
12
22
4
3
2971
1
8
11
12
0
4
6
32
7
6
20
8
8
51
33
264
11
3
9
77
1
5
9
2
5
92
13
35
1
8
5
2
3
5
5
5
6
0
4
2
2
0
4
10
6
1
4
35
11
28
9
11
2
2
3
14
3
3
3
8
4
839
14
22
195
6
5
13
7
12
6
5
34
3
4
57
5
16
1
5
7
5
10
8
0
8
4
4
16
19
4
4
5
9
0
17
17
2
7
23
7
9
0
6
26
3
54
13
8
77
129
2
13
4
2
1
7
3
10
9
2
6
8
2
5
4
7
3
46
5
1
19
24
4
11
15
1
6
6
9
1
4
1
7
4
2
9
8
2
0
5
1
7
10
42
4
10
1
6
7
2
5
4
6
3
44
11
4
4
7
12
17
3
17
15
10
13
8
1
8
4
14
0
11
0
4
6
4
11
18
2
1
25
6
28
14
2
6
11
1420
1
6
7
6
8
1
4
21
10
2
1
0
15
6
2
2
10
3
37
1
20
16
7
1
11
2
20
11
4
4
3
4
1
8
5
0
0
9
12
49
4
2
16
5
1
14
5
1
4
1
14
2
1
3
2
1
8
3
58
7
30
61
0
7
9
3
5
6
5
72
2
6
1
12
4
5
9
9
3
5
1
5
72
3
10
226
0
5
6
5
4
6
3
3743
4
14
5
3
3
2
5
3
7
7
12
3
2
48
9
1
5
2
4
0
1
8
27
3
28
0
13
23
1
4
0
2
2
10
2
2
296
4
0
8
9
8
6
9
12
8
1
13
6
27
6
1
4
39
5
5
16
4
279
0
9
1
6
5
50
20
3
22
4
6
23
8
4
6
4
2
6
0
0
3
0
7
1
9
2
5
24
0
7
12
7
10
3
9
6
8
5
11
18
1
6
1
14
25
0
71
7
3
6
2
3
7
6
23
2
3
40
6
1
35
9
24
4
7
4
5
1
1
8
28
5
4
7
0
5
2
7
5
2
5
10
4
2
1
3
3
33
4
1
1
2
4
3
5
157
1
1
3
6
6
4
3
15
3
4
14
0
11
7
3
7
2
2
6
628
12
5
9
2
2
4
11
2
1
1
2
13
4
2
2
3
6
1
17
17
1
1
37
15
1
3250
7
5
3
0
180
2
20
11
5
14
5
0
4
2
8
6
5
5
7
26
6
16
3
19
3
5
129
6
5
3
5
4
11
8
6
7
20
1
21
1
1
28
4
4
1
16
7
5
0
2
3
8
8
6
6
2
6
8
4
2
1
118
4
2
15
32
2
25
2
6
9
19
3
10
6
26
24
5
8
11
8
21
19
2
1
198
2
4
6
2
4
6
22
0
10
6
1
4
21
30
5
10
3
7
4
6
4
8
2
8
4
2
3
28
2
5
7
6
4
2
14
3
22
2
50
21
12
10
9
3
1
3
4
9
3
1
5
4
5
5
1
7
957
6
9
10
5
1
3139
9
12
8
3
6
4
3
3
10
54
1
97
5
7
25
6
3
25
1
8
15
6
1
3
5
4
3
5
1
2
8
13
4
7
11
5
11
5
5
6
1
14
62
8
10
10
2
12
4
9
4
6
1
1
9
9
0
4
72
3
20
3
27
84
3
36
6
3
6
1
16
7
8
9
8
2
8
8
4
30
17
70
23
7
5
7
29
22
6
4
3
3
10
1
5
10
1
4
9
2
0
0
6
11
14
3
4
3
5
0
8
6
5
12
3
4
27
5
8
10
8
12
32
3
2
60
2
4
11
7
1
42
10
1
1
11
7
4
230
2
3
9
2
3
1
5
7
4
19
2
2
1
5
3
7
25
7
25
30
7
6
16
7
2
0
1
0
2
4
3
2
11
14
4
23
5
5
12
6
3
2
10
0
1
61
47
4
1
2
2
2
41
12
4
7
2
4
150
4
6
2
8
3
5
5
9
7
7
2
2
5
1
1
0
99
2
23
4
2
28
5
356
1
1
5
4
4
1
39
12
12
16
16
3
16
5
11
10
11
64
40
1
5
26
2
1
16
1
15
2
4
17
0
3
4
1
10
0
1
8
7
7
4
4
3
10
2
6
19
2
3
2
114
2
5
4
6
3
6
23
4
7
9
1
19
10
2
1
11
9
8
54
6
5
20
120
3
6
1
3
3
7
5
20
5
8
2
1
10
4
2
5
13
57
44
12
0
2
9
7
3
1
6
9
14
3351
2
4
10
1
1
4
2
4
9
10
12
70
3
6
2
38
4
65
1
3
3
5
11
50
8
9
2
9
3
198
2
12
48
4
3
3
5
18
5
6
4
9
5
3
4
2
4
3
1814
1
7
4
8
9
6
32
4
9
17
6
7
16
4
0
96
8
5
3
4
6
10
20
6
1
2
4
0
1
2
38
7
27
10
2
8
8
48
14
2
57
4
5
25
21
1
8
2
5
24
3
2
7
0
8
2
32
1
5
4
6
51
9
1
8
5
8
16
4
18
5
0
4
1
2
3
3
9
2
3
5
2
2
3
0
2
2
8
7
19
208
7
14
3
8
25
5
16
30
8
1
2
1
32
7
0
15
1
8
2
2
40
55
98
3
2
94
4
1
25
5
9
5
1
3
8
4
3
3
13
3
6
6
12
7
1
5
11
3
4
2
8
6
8
2
3
37
5
1
25
4
69
7
14
2
178
2
16
2
8
0
10
4
10
48
3
11
4
4
5
103
7
6
4
8
52
4
14
22
3
12
4
5
7
8
3
5
8
40
21
2
9
3
3
30
2
17
13
3
4
2
13
11
11
31
1
22
4
96
36
5
14
1
3
152
0
2
9
5
3
9
23
5
7
3
2
0
70
13
3
8
1
31
6
47
3
2
11
1
18
4
1
7
1
111
0
1252
42
4
4
4
1
2
0
10
48
12
4
1
2
3
11
14
11
1
99
99
3
0
20
16
20
17
1
2
8
7
6
8
18
4
6
2
12
5
4
20
6
43
2
13
41
4
4
4
2
3
2
4
6
6
5
1
5
3
0
4
3
6
6
22
3
3
6
3
16
1
0
4
4
12
7
9
13
5
23
8
11
10
2
4
2
4
3
2
23
5
230
2
17
5
2
4
0
8
3
13
9
20
9
4
5
1
4
4
3
8
9
4
5
15
17
8
35
12
3
7
5
8
5
5
8
5
3
2
5
4
155
1
9
9
1
3
1
7
237
1
1
51
3
9
7
3
57
1
10
14
8
0
3
20
4
8
17
5
0
14
2
5
102
16
8
2
10
5
3
14
5
4
7
26
3
5
5
7
35
7
2
2
4
5
66
4
24
1
5
2
4
5
4
6
2
15
7
7
20
30
1
1
15
8
5
12
8
6
0
7
0
7
3
2
8
3
5
19
6
10
47
45
24
0
7
61
2
13
1
5
8
3
2
1
0
1
3
3
5
4
28
55
10
3
1
6
3
16
4
2
3
12
5
2
2
0
12
4
1
13
1
1
0
39
2
1
0
7
4
10
0
3
29
2
4
85
4
6
1
1
6
19
7
8
1
4
1
2
7
3
5
8
10
27
17
34
0
4
5
4
22
8
5
7
1
1
1
8
34
7
5
8
16
4
1
5
2
1
16
3
1
40
2
1
5
15
3
0
4
3
6
3
3
15
8
6
3
8
2
1
2
3
15
25
45
0
13
2
379
10
5
0
4
98
1
4
5
3
3
12
4
7
2
1
5
8
3
6
4
2
3
4
2
4
5
4
11
10
1
5
10
8
2
9
7
39
2
2
2
9
6
5
917
1
27
16
5
36
2
57
0
4
1
23
7
0
7
4
3
0
7
9
4
7
5
7
1
2
7
10
38
6
21
1
2
3
5
4
5
5
14
9
8
13
5
34
9
6
6
21
62
14
3
1
3
5
1
3
1
5
9
10
6
20
5
2
5
93
5
10
18
4
37
6
0
4
5
17
4
28
7
3
4
6
5
2
0
20
6
6
2
3
4
43
6
4
4
22
5
4
10
4
4
1
6
20
2
3
15
5
8
34
4
3
1
19
4
42
5
3
24
96
62
10
4
5
5
4
5
73
5
4
5
7
3
3
16
14
7
4
1
19
2
4
2
0
1
30
73
23
33
7
0
19
8
7
23
14
17
1
2
22
10
3
32
2
13
4
1
8
3
2
3
16
5
8
2
6
6
3
6
21
19
0
2
9
8
0
2
28
6
5
22
2
5
4
6
8
17
2
24
2
18
9
6
1
4
7
3
2
4
7
2
14
5
5
20
1
6
10
242
10
1
5
1
6
23
47
4
6
5
6
122
4
39
15
0
17
16
0
2
4
14
1
1
19
4
9
6
8
1
2
12
5
15
5
1
4
2
1
0
5
18
5
3
6
1
1
39
95
13
3
47
5
4
3
11
5
2
6
6
22
19
5
3
7
9
10
9
5
1
4
5
2
0
1
3
9
1
1
0
1
5
8
4
10
11
55
3
7
7
8
11
10
7
3
3
5
1
0
4
3
0
9
2
2
2
128
4
3
13
3
4
8
15
28
8
5
90
1
1
0
0
2
10
2
3
1
17
2
4
3
8
5
1
10
6
1
4
228
5
5
1
6
1
5
19
4
9
55
1
5
10
0
3
10
3
62
5
2
2
18
5
4
4
4
7
11
16
4
10
86
6
5
94
6
16
2
2
0
4
67
2
1
1
20
12
9
3
0
4
3
8
110
5
0
2
6
21
4
2
2
10
8
4
16
8
8
11
12
2
6
2
4
44
2
29
4
32
8
5
3
0
4
48
6
2
21
3
112
1
7
2
58
3
2
6
0
7
5
8
1
4
12
4
5
1
9
3
11
2
4
7
5
2
5
19
1
3
11
11
10
10
10
16
2
7
5
10
0
14
10
3
13
3
5
23
5
109
2
7
4
4
10
8
7
2
2
2
5
7
24
15
3
5
1
10
5
7
8
1
3
5
8
5
8
3
8
15
8
4
7
0
0
40
4
12
9
11
2
9
2
4
4
20
2
5
4
4
68
18
2
1
4
14
8
2
0
3
2
7
12
8
5
3
4
16
8
28
13
10
2
2
9
0
8
0
0
3
3
2
6
0
2
2
13
10
48
1
5
17
1
13
4
3
7
54
13
9
6
23
16
5
4
2
2
10
3
9
1
233
6
7
6
4
2
0
19
20
14
2
5
6
12
8
4
2
3
3
2
4
0
3
6
6
2
8
1
11
1
0
31
7
3
4
26
4
7
3
6
5
49
2
6
7
1
13858
1
6
3
6
5
17
7
10
11
6
13
7
2
7
2
6
2
8
30
3
8
4
1
253
61
13
28
0
3
5
7
2
2
19
20
4
15
20
4
7
4
5
6
38
11
4
6
2
52
3
57
3
20
312
1
0
111
5
0
5
1
1
1
7
9
9
0
1
7
3
4
5
3
3
13
5
1
35
9
18
4
12
3
30
18
6
10
4
5
3
6
2
7
5
6
7
2
4
2
2
3
1
4
2
53
4
20
6
6
12
5
3
5
3
44
2
18
7
2
8
6
1
29
13
6
2
1
17
12
0
14
10
838
30
19
10
8
3
2
4
4
3
2
2
1
11
6
15
0
24
6
1
0
7
7
2
10
0
5
8
8
53
4
7
4
59
3
3
1
5
3
7
2
126
5
7
12
10
8
9
4
3
3
16
8
15
1
5
40
5
6
2
137
2
13
5
27
2
2
7
2
1
78
2
3
9
6
4
8
18
5
5
6
1
5
6
1
219
4
1
27
0
23
5
10
32
1
3
45
0
31
2
5
0
21
58
6
2
1
2
1
3
6
84
2
5
2
4
15
5
2
2
11
5
4
5
5
8
5
5
40
18
47
6
4
11
5
5
3
22
3
3
3
6
3
51
76
44
3
4
7
9
3
7
4
12
15
4
15
3
6
14
0
13
13
7
1
3
19
9
6
14
4
1
5
3
3
3
8
26
2
5
0
6
3
5
1
0
5
2
5
3
17
15
15
1
4
10
3
6
9
0
3
105
1
14
8
1
181
1923
4
85
1
5
3484
29
1
4
3
4
19
0
12
8
7
14
4
2
8
0
4
7
14
2
18
3
3
2
6
21
3
2
3
9
2
1
11
2
8
18
3
2
13
3
2
2
0
4
4
6
133
3
1
6
38
18
190
9
3
0
1
27
0
17
5
4
1
6
21
20
4
9
2
2
3
4
79
2
4
8
22
3
0
31
0
5
2
3
1
8
19
121
11
7
16
2
97
4
7
11
4
18
5
2
4
0
360
9
3
1
28
12
25
43
5
8
10
4
1
70
6
2
22
4
3
7
1
7
4
7
2
4
3
9
9
2
4
10
1
1
5
5
8
2
3
36
8
6
10
4
1
3
13
16
2
6
8
8
2
612
14
291
0
5
2
572
3
11
39
1
1
6
7
3
17
0
16
5
8
12
6
1
2
5
15
0
10
2
7
4
26
8
3
18
2
16
2
20
5
1
5
28
125
1
2
0
3
2
12
5
0
12
2
1
276
9
17
7
2
6
9
5
4
6
11
9
6
22
12
0
3
5
14
0
2
19
2
3
1
0
19
4
8
2
15
2
1
9
20
6
0
2
4
18
7
13
2
6
665
2
11
6
10
5
11
3
5
8
4
2
5
2
3
1
10
6
7
6
0
29
3
8
23
2
6
0
55
3
4
12
4
403
3
11
3
16
60
5
4
4
6
2
2
2
1
5
4
48
11
5
44
12
0
9
4
12
37
6
3
4
10
4
0
7
17
6
6
4
0
30
33
1
11
5
3
8
5
2
5
19
4
4
3
2
6
6
4
38
80
4
89
5
5
38
4
6
152
13
3
4
0
3
16
5
1
28
9
13
2
3
45
3
4
0
1
4
33
6
4
18
2
21
3
93
7
10
1
9
9
6
8
11
0
3
86
13
3
1
3
5
1
13
9
9
2
7
2
2
7
0
3
15
4
8
3
5
21
3
11
6
123
5
7
6
22
20
194
8
23
6
0
7
41
5
2
7
2
6
10
5
7
1
2
4
30
8
6
6
6
1
1
5
10
6
27
0
10
9
1
13
4
2
0
8
5
46
7
7
4
3
33
6
1
8
1
2
7
2
1
10
0
16
5
4
2
68
3
9
3
27
17
17
0
616
0
12
136
4
10
3
6
4
9
8
8
2
4
4
2
5
2
58
4
1
13
3
4
3
1
8
2
1
2
8
14
10
2
4
4
2
6
3
4
11
18
0
3
13
3
2
17
1
12
41
2
6
32
3
3
5
4
7
5
1
9
7
19
2
5
6
2
2
2
2
91
9
3
4
6
8
3
3
8
4
2
4
17
4
7
4
6
3
3
3
1
14
42
0
5
4
5
2
4
54
5
3
10
2
6
19
6
12
6
7
2
6
4
7
10
27
7
3
42
4
9
17
5
4
3
9
6
6
77
0
4
5
2
2
3
2
3
5
6
3
4
11
23
4
22
9
1
10
2
52
12
1
43
6
19
1
3
9
4
3
11
1
6
4
6
34
3
2
9
6
5
5
136
401
2
13
2
119
13
6
2
0
2
8
2
9
6
10
18
3
13
18
8
4
173
28
5
12
13
2
0
5
19
12
1
0
3
157
11
60
6
3
4
1
1
7
6
8
7
2
6
2
1
22
5
36
10
5
3
111
4
71
3
5
1
3
3
10
90
6
7
1
6
3
12
3
8
59
5
6
7
4
66
4
17
2
2
12
2
1
7
4
68
1
1
46
0
3
13
4
25
29
3
5
1
13
3
9
7
1
27
5
5
0
13
69
2
7
2
7
0
5
1
7
4
2
5
3
11
3
2
4
9
1
1665
5
3
1
1
3
3
2
2
8
3
4
1
7
7
8
23
2
5
4
11
1
2
0
10
7
24
3
4
6
3
20
21
4
3
3
4
2
25
3
169
2
34
7
3
5
12
11
2
5
0
5
1
16
4
7
0
1
7
19
4
2
11
7
0
12
20
28
2
3
2
11
20
4
0
3
3
3
3
1
12
2
17
8
11
9
2
2
6
9
4
4
22
1
7
6
10
5
16
3
51
1
104
23
0
134
4
0
8
6
12
5
2
10
8
16
0
1
4
5
5
3
11
7
9
18
6
5
11
33
10
77
3
12
48
3
2
0
4
5
7
31
4
1
3
4
9
3
5
29
3
7
9
8
3
6
4
30
9
6
5
1
5
10
5
7
26
2
22
1
6
2
13
7
5
7
5
4
2
1
4
4
9
3
2
3
3
3
7
10
188
12
3
3
7
0
1
3
11
6
5
2
12
4
5
9
24
4
1
14
2
0
10
3
3
3
3
6
18
16
1
3
4
2
3
10
7
11
4
55
5
5
11
772
162
25
0
4
1
0
1
1
5
7
38
7
2
5
7
6
4
1
45
7
1
109
0
6
10
230
5
5
1
3
2
2
2
1
9
8
24
4
1
12
3
6
3
3
32
1
1
12
39
3
28
5
0
4
7
5
6
4
3
4
3
0
5
3
77
4
2
3
2
6
6
17
2
6
6
58
4
20
28
34
1
109
4
2
3
2
5
2
0
4
1
2
11
29
5
5
83
12
1
8
3
3
3
3
99
0
3
1
8
7
3
2
5
4
8
1
3
12
7
4
3
44
8
175
3
227
5
17
3
1
2
60
26
3
9
2
3
6
4
4
11
85
55
1
3
9
14
5
3
4
9
4
2
0
3
8
5
6
8
9
1
11
2
3
15
92
3
9
22
12
11
2
9
1
6
4
2
1
1
3
35
2
330
4
0
7
4
7
1
5
16
9
7
3
4
2
11
0
2
4
4
10
24
2
7
4
1
4
4
12
7
15
7
4
4
0
4
9
2
9
8
1
1
1
25
2
4
4
4
4
8
6
4
21
14
15
3
2
6
0
12
9
68
3
1
0
2
5
8
19
5
15
3
26
1
3
0
0
5
4
2
6
5
9
9
3
9
14
14
5
13
11
2
29
25
11
2
3
14
5
15
4
2
8
0
0
5
69
3
120
31
11
3
6
1
9
13
1
18
7
5
0
5
0
5
4
2
1
3
10
3
0
4
11
6
30
12
4
2
7
3
9
32
8
38
6
79
14
2
27
11
2
2
0
8
4
6
18
1
10
0
9
6
4
7
4
6
35
1
4
16
10
8
4
32
6
2
6
18
6
4
5
6
3
5
2
8
4
10
4
5
85
5
58
0
3
7
6
3
2
5
2
25
2
1
8
3
15
1
5
2
10
4
22
12
2
2
33
3
1
10
8
22
11
9
1
157
4
906
4
20
4
200
2
21
1
4
49
7
2
27
6
19
0
9
2
6
29
4
8
9
4
6
9
7
22
6
5
5
0
2
0
9
10
18
11
9
2
3
4
4
24
23
9
15
0
2
9
4
56
20
11
289
3
17
2
6
2
2
26
12
8
4
5
4
1
36
6
1
3
7
13
2
6
3
5
3
7
3
9
2
6
1
24
1
45
1
2
6
13
55
5
7
2
0
1
9
31
3
17
5
5
1321
5
8
0
1
23
10
2
6
5
6
22
0
2
2
0
1
0
2
3
5
20
2
7
6
1
3
2
7
23
291
34
0
6
10
2
54
8
3
20
8
5
4
12
3
3
2
9
193
14
5
4
1
5
1
5
1
2
3
2
4
6
3
7
7
1
292
37
2
5
2
7
0
3
3
4
5
2
15
7
1
10
2
7
12
3
2
2
3
9
11
3
7
2
19
10
5
9
5
2
9
7
12
75
27
4
30
13
13
13
3
9
15
76
4
5
0
4
5
10
6
28
6
9
3
3
1
9
9
4
4
5
4566
7
31
1
4
25
3
6
7
6
5
2
4
1
6
5
29
19
78
19
6
3
0
32
2
11
0
5
1
2
6
3
4
14
16
0
5
15
44
5
5
152
11
80
189
42
0
38
2
5
187
1
18
4
2
113
5
1
5
14
1
5
16
2
4
3
1
1
3
5
2
4
17
8
3
2
7
8
12
29
0
8
11
1
13
3
0
10
23
22
5
1
3
5
0
21
2
1
3
2
2
9
3
1
1
39
2
3
1
86
8
9
5
36
13
30
1
8
7
0
0
7
4
1
8
11
2
20
7
24
4
16
1
1
7
11
247
2
6
6
5
1
5
1
76
1
2
8
15
1
5
0
31
117
14
0
2
7
3
3
2
2
1
1
1
64
4
5
5
9
5
3
46
35
6
3
2
18
69
10
3
6
4
0
236
44
2
4
5
5
7
6
22
1
3
4
2
35
6
2
8
6
20
3
10
4
5
8
2
4
9
3
2
7
5
8
7
0
3
10
7
2
94
10
2
32
4
7
8
3
5
12
4
9
6
49
11
11
5
58
16
24
10
4
2
350
2
1
2
9
2
0
2
7
9
3
10
13
4
12
12
6
0
5
6
9
3
4
4
3
3
4
4
13
7
11
14
10
3
3
2
7
5
1
5
4
20
2
1
15
10
12
5
7
4
1
2
5
4
5
6
2
67
69
6
5
4
3
5
2
2
5
7
0
7
1
9
1
8
4
5
5
50
48
3
455
1
2
2
19
4
27
5
9
1
2
1
1
175
29
3
3
39
1
5
14
17
10
48
6
4
4
73
5
30
4
3
1
4
5
8
6
2
1
1
6
12
5
7
5
7
8
34
11
7
1
10
7
17
0
19
6
6
158
10
3
11
0
2
7
16
4
4
3
13
0
9
4
6
7
1
12
8
5
2
5
3
24
4
3
44
1
13
14
9
4
6
4
12
0
2
3
22
19
1
3
0
4
10
17
2
24
6
5
2
4
11
24
8
7
8
166
2
18
10
2
19
1
33
4
36
0
4
11
6640
8
5
2
84
5
5
4
26
2
14
10
7
13
1
1
7
37
4
0
1
4
0
5
6
20
2
2
5
2
3
12
4
3
4
4
0
3
2
8
3
16
9
7
14
27
0
2
4
0
69
5
6
7
2
43
2
3
8
9
13
3
90
35
3
15
9
18
5
4
27
19
4
1
10
10
3
3
10
50
7
12
9
5
11
10
8
8
1
1
10
3
3
2
41
0
4
6
10
11
3
4
1
7
3
3
4
6
4
1
3
5
15
0
6
6
7
12
15
13
3
42
47
28
10
1
16
6
0
21
4
137
2
2
6
74
8
5
11
7
2
53
0
4
1
344
3
5
7
9
8
6
2
0
1
2
7
10
6
3
10
6
2
2
76
67
16
5
6
22
6
9
8
10
2
3
0
0
149
6
342
2
7
379
0
2
4
2
2
208
9
2
0
4
8
5
18
8
7
86
7
9
7
11
5
8
13
9
0
7
8
12
10
39
6
5
21
5
151
5
10
12
1
5
202
9
3
1
4
10
2115
138
64
1
5
8
25
12
1
26
3
4
4
1
59
1
2
16
0
3
2
2
3
0
2
10
334
4
11
9
18
11
8
3
3
585
4
2
17
19
5
4
1
3
3
2
16
1
10
3
5
5
36
6
4
6
14
54
1
8
1
0
3
4
10
5
12
13
6
8
4
19
8
3
21
26
1
2
7
11
2
4
3
4
7
6
13
6
11
85
3
9
4
8
38
6
5
4
2
5
4
17
16
4
10
7
72
2
11
5
18
2
4
25
3
4
0
0
29
3
3
5
9
193
2
1
3
14
6
2
2
5
1
7
18
16
14
5
0
21
5
20
1
3
8
4
20
2
6
1
0
18
18
1
4
4
37
8
233
7
8
34
4
9
11
4
7
2
5
12
5
2
74
5
35
1
5
3
2
14
2
34
9
5
1
15
6
7
8
5
14
54
10
5
8
10
3
6
3
18
2
5
4
11
1
1
0
5
43
1
1
4
1
48
5
3
8
7
15
5
2
1
13
1
9
0
9
4
0
3
4
3
30
10
186
6
5
5
8
12
9
1
182
27
3
8
3
4
1
8
8
405
3
65
4
17
9
4
4
5
87
9
1
0
4
5
1
7
12
30
1
0
4
3
34
5
6
0
2
3
5
5
11
4
1
18
1
4
5
1
2
4
4
3
5
7
34
17
6
6
3
12
4
0
4
23
2
8
2
12
11
4
4
3
5
2
1
4
2
5
2
4
5
13
4
4
395
0
2
9
45
3
6
3
5
22
11
7
4
0
4
3
6
13
23
0
16
3
29
17
2
2
14
7
5
1
20
11
4
2
36
5
2
7
7
20
4
2
9
24
3
5
11
8
5
47
931
1
10
0
35
3
3
17
20
2
28
4
1
5
4
2
0
47
6
1
3
31
0
20
79
5
2
8
1
1
5
4
42
12
3
7
2
14
3
3
2
5
134
20
37
25
2
13
16
2
2
99
6
5
3
4
115
85
2
9
7
6
2
5
3
1
8
4
6
11
3
7
27
3
6
5
5
5
1
2
23
4
1
1
34
3
1
8
13
0
137
50
6
222
36
0
19
9
6
6
2
25
7
9
14
65
9
3
13
12
22
1
2
8
23
0
7
2
48
8
4
8
6
3
10
6
2
11
5
1
1
9
4
7
2
23
0
29
3
3
19
5
13
3
3
3
31
9
0
7
2
2
223
2
9
5
3
78
8
13
8
6
4
0
5
14
4
3
3
15
7
3
5
4
15
10
47
4
13
44
3
1
5
13
14
18
10
15
3
6
5
3
2
5
25
0
1
25
126
6
5
59
3
7
9
8
5
3
5
6
73
6
38
20
2
0
51
2
7
215
5
2
22
9
5
0
0
4
2
9
0
0
15
12
9
24
2
4
2
10
17
14
19
2
7
0
6
1
3
2
4
35
23
8
4
13
2
4
3
23
3
5
6
5
10
7
3
12
3
5
4
1
4
2
3
10
10
47
0
6
0
248
5
3
1
1110
1
1
10
7
12
4
26
2
7
351
4
2
1
3
9
11
12
1
4
5
6
13
2
3
13
66
3
6
14
3
4
5
8
10
5
6
6
4
28
3
11
11
76
8
13
6
8
6
8
2
3
5
2
3
6
22
12
9
3
1
4
1
10
6
2
2
3
3
4
4
4
12
11
5
4
7
6
1
27
5
9
6
12
10
3
16
4
8
3
6
0
1
20
5
0
13
46
114
3
2
1
5
0
7
4
3
6
22
14
3
2
42
7
1
7
3
5
7
1
9
3
5
2
3
13
9
0
3
4
0
12
11
10
0
5
12
22
0
0
1
33
2
1569
20
3
13
15
1
2
7
6
4
5
9
9
8
1
11
4
2
7
0
9
175
491
5
1
7
10
32
7
0
10
4
14
1
2
10
4
1
3
1
13
64
1
356
5
4
9
9
31
16
34
5
7
2
10
3
0
5
4
31
18
9
0
9
0
1
4
6
31
7
0
5
7
7
6
3
1
16
6
5
6
8
1
2
5
5
11
4
2
5
37
4
2
9
556
7
6
3
55
4
2
6
8
4
25
1
22
1
5
9
17
22
4
4
5
13
2
8
12
30
16
3
5
0
1
7
6
0
11
3
0
6
1
1
3
2
1
1
4
15
0
2
0
7
4
4
5
2
5
2
16
6
1
4
5
2
3
63
6
4
1
4
18
6
0
11
82
3
246
1
9
1
8
3
3
8
44
10
7
9
2
6
6
20
4
5
62
13
2
6
7
2
2
12
15
2
11
8
3
1
38
2
68
5
5
0
24
2
9
8
27
14
15
4
597
2
7
141
56
7
4
8
14
0
8
4
24
6
4
1
11
10
3
49
65
5
2
15
1
9
0
6
5
1
3
90
1
14
4
3
2
7
2
6
0
9
4
8
4
7
2
13
4
8
2
11
3
11
1
15
7
2
8
8
9
10
3
5
5
5
8
6
32
2
1
5
1
9
50
1
5
11
2
71
0
0
2
1
18
12
3
3
1
7
7
0
23
3
27
8
5
32
6
0
5
4
102
3
7
2
3
0
5
0
2
8
117
11
0
2
5
1
3
2
5
6
22
6
2
28
1
1
4
27
8
26
9
7
16
7
7
2
1
3
26
44
2
6
11
21
2
5
2
10
1212
9
0
16
1
2
4
3
1
2
5
3
8
6
2
7
5
0
2
13
17
0
11
4
10
20
10
4
3
7
0
8
20
14
8
4
12
1
6
7
80
18
96
191
0
9
3
39
8
0
192
4
2
2
11
3
200
1
9
5
3
11
9
5
0
1
3
6
3
19
4
5
6
46
5
15
21
10
5
13
1
6
6
6
3
9
3
2
2
16
12
0
7
14
11
51
1
2
4
41
2
6
9
1
36
5
4
17
6
17
7
14
10
14
2
1
0
130
9
25
24
5
13
2
9
4
5
0
8
6
0
1
21
3
14
4
15
8
4
23
25
3
7
3
2
1
2
1
2
4
16
2
24
106
2
2
7
42
7
12
43
4
11
10
2
6
41
2
2
7
1
116
6
17
3
9
1
8
1
14
12
15
11
6
0
3
4
2
6
7
1
5
3
0
4
1
1
1
15
4
13
5
2
6
24
5
0
15
1
97
0
17
1
7
4
5
3
62
12
4
11
18
8
116
3
4
2
6
3
2
3
1
15
41
4
3
10
0
7
3
10
4
2
47
9
7
16
3
2
10
3
5
3
12
9
67
16
6
1
0
5
3
11
3
5
37
5
7
3
15
9
3
4
4
8
4
5
10
4
1
11
4
52
0
5
0
11
7
10
3
3
6
8
18
12
6
2
10
4
16
8
209
7
3
11
9
18
2
9
4
3
13
98
126
0
3
39
2
13
2
5
435
7
11
5
6
0
4
6
11
16
3
113
2
4
2
5
5
9
1
75
1
0
1
533
2
4
3
9
16
0
74
10
2
10
20
6
4
2
2
18
5
58
2
3
3
6
17
4
1
6
2
0
17
1
4
12
0
5
3
10
3
7
1
1
9
6
7
96
3
12
10
4
5
1
32
1
4
24
19
6
5
10
2
5
9
18
6
14
1
4
1
115
268
4
1
65
6
0
8
2
2
4
3
0
15
1
4
7
68
6
3
61
2
43
4
47
9
10
7
0
0
7
26
0
3
20
4
4
4
3
1
7
11
10
0
3
5
6
2
6
1
355
3
7
2
2
3
2
3
2
20
3
4
10
13
2
1
32
3
2
8
1
9
13
4
205
4
5
12
6
5
6
3
6
5
4
81
3
4
3
112
2
5
6
11
2
0
20
0
14
5
18
10
6
1
15
881
29
2
1
4
178
2
14
4
17
6
16
0
0
2
38
13
3
6
2
9
6
5
4
0
2
7
119
8
13
8
3
5
1
5
5
7
0
384
32
5
44
2
4
3196
3
13
17
3
3
5
6
6
34
14
1
169
11
11
1
10
6
21
4
10332
22
49
3
7
26
1
35
5
6
14
9
1
19
7
25
1
38
9
4
5
28
5
6
2
13
5
5
24
15
0
2
4
6
4
6
11
2
3
3
4
15
3
1
6
18
3
3
1
96
9
8
2
0
3
7
2
7
14
18
2
32
8
2
2
4
12
3
2
22
8
5
10
3
44
9
3
3
5
0
4
17
98
13
5
7
6
7
0
8
8
3
7
4
