100
100
566028617 365407262 442740289 349919881 967398182 683254821 838943344 345800889 220570632 732902070 18597689 501292889 486668268 182840835 825697515 332805059 219996902 380114713 148329953 961197529 345650930 932682101 101411655 643438134 669573516 217153908 908647712 437078442 411095592 563666051 621349491 808432462 100010830 18521365 825427091 157598765 313684860 384673076 788516226 878122333 626358945 471440347 336626638 748519333 382565017 544702316 838748882 713500883 855272091 577888915 3484087 629426222 443200854 276057670 83569281 858169349 700427323 928997541 641027664 428894717 438102369 969870795 267844371 610731922 682223295 595622403 735879453 109532012 49593371 566598590 512628656 784900511 846690527 65282932 676026067 632597848 473810140 49456155 443941235 811805951 336137941 794057717 235710632 518669681 51617132 760606282 282989529 721972624 95938285 177149118 2745641 667723116 697905482 29582097 778643601 826143416 758773935 852182376 364975919 69265429
100
13403709 697931118 663738133 254393183 852957439 348712562 399038754 60226950 972492863 898934981 925678446 591392095 523761141 120869188 128365963 951251669 987592674 115952891 3504935 152085516 166722411 925913641 52670909 637712520 405808481 924288289 462939429 496984357 216205617 588509280 617251267 388364763 814986834 448018056 570392715 545751196 481308747 972431257 598157670 386257425 81671415 638036253 603209209 893152954 635095707 299426851 107336182 184049525 827705722 154548963 907033689 963382274 20643388 789940651 720862797 472123227 821838452 511432512 586316068 271964920 180119337 109108398 286946190 681814708 415714505 796233480 258339327 491407790 31346669 992964910 681884133 39038910 71649686 807533114 744716707 951173123 608555215 178009864 331784847 485813336 51853982 904896200 374689615 854192619 370512434 286606925 908355710 548085006 148835561 204783959 269077891 205452184 800059903 404630392 618423150 970630061 905760264 593989155 418826163 483970903
100
296747021 367947021 854465658 772033523 522340842 943305161 310882430 278567757 327289511 303717432 539280860 646980436 514298016 248431514 699315249 989046266 89141203 170977443 199427106 963331964 967551487 425071254 182613885 612707631 206931925 611550515 626407147 830918143 755668863 660139721 643718192 43807680 669538770 274266615 146954765 73842849 480035567 900980461 703906763 809202177 143542924 957406200 381863790 119590170 889732331 90239528 504401467 961993727 895599364 591847203 91276494 905796482 564595423 660891426 56482630 355685139 945709265 20165678 474244831 398494628 975580758 157149463 538335816 147257938 960776406 824007688 321785111 955403502 353214784 861139186 538366508 275807943 251636020 760815857 399815576 855623566 609247433 918211228 506457710 440470295 188073260 697901743 635533542 943804104 732455178 689104200 134952705 54710624 979768237 75373035 903972623 820089362 623138969 510798837 785498112 926695012 532133053 277811605 530412937 10199890
100
980600548 18315363 844785718 166912984 461114317 689158680 728146401 429618074 210844453 899219151 146182279 975722403 891363898 60411302 135217406 748326057 781924397 245271299 244659951 213614669 522192029 953428175 163148443 50055099 218579538 762678787 241711791 406611633 922460804 23796764 437985319 488417086 763981642 164463078 934513256 899543557 627581166 805497944 985616872 991062179 318818216 362445861 793789372 767885090 555308549 369073456 761225306 758813465 919831860 694022202 565646788 737986335 864425403 704723323 54974152 971035483 977159126 795644441 393063990 20057645 392767974 349595031 251584206 163323217 911808055 524579449 66037526 872150968 449832057 548187687 581537768 948320854 291481827 648333788 749150112 561443323 450368802 589644266 145704328 728896696 888493823 573907935 554017749 170402829 720476745 81006139 25218856 938930989 813338986 385896226 848455398 547779771 869609983 994763995 281319299 613054197 66278107 597625713 371474538 816943683
100
93831244 425399823 968076588 582187499 269806806 42490993 748321256 485625057 988281751 55865229 949696915 836284623 796583713 356533262 853771563 628610009 811527811 527706698 386093512 371752522 862070115 510667769 252858590 674771829 374858333 999857141 653966867 681488505 87283381 621305237 260846316 230950454 708837668 326835462 968011328 674892486 876922335 980992408 906894524 33011715 713812594 687447548 356155554 555471731 201095815 516201894 820031391 579310585 697977729 783531422 814703289 661689502 901075804 823750197 112898612 394794460 582108349 372145755 614660908 866881283 854112419 230961192 110636747 191293728 191743206 807601884 336327131 375272703 880020248 46513445 647490705 537460597 264227667 373510906 575128892 993263707 561015774 48253523 753254713 615678233 907853159 879593494 983733337 289848011 574277245 763619905 313418619 248365209 592869042 305114933 392407127 193041263 72580523 243092467 87991423 123750635 22997493 237724500 310876446 691408698
100
630356389 670069174 953999931 697378191 816609912 265866583 954385072 186640179 357088191 563913007 759338807 120129194 354554851 7709235 963529344 183035920 504097087 809288236 395062075 294351693 334138154 50936236 122762674 546732095 556740747 309428337 111646921 664704688 720696133 433631214 800917372 645354501 38315149 934335686 196695573 975073001 317056373 407036467 885050313 240717992 474558637 373684189 852632853 994179701 170506692 355580889 413221971 546150013 954730225 753243237 466464991 875521062 364421265 915964674 510272439 188160992 983322127 85941829 887421366 61264277 515490645 978737199 628471942 248775457 27142933 23403044 632054310 30758988 805321706 829437101 814665747 237164787 280981935 868119476 766923746 135733640 584455921 427500786 39312184 707513443 25941430 395779511 198385053 179777066 960846071 26910245 508023289 565898938 693370280 655139228 443603791 525145707 601541520 198125202 315725962 101447011 466446759 938144056 862099899 520044626
100
790001427 81569950 939981626 157589681 491863992 237688763 243788561 211541445 295057889 948211805 423543787 576735217 748925480 270740560 910246243 548924397 459101702 91361648 669121660 103453676 203533748 818764900 804350881 417892166 202426778 346966597 36767914 139995338 60563978 230410981 29676525 536716660 253530193 697927159 535493840 114295122 700325325 428320561 712231208 368168088 265670333 778302177 55223190 937949979 218340053 506540770 367050815 316716771 543888537 814617496 717472473 475177105 591582606 980369571 377257585 102882034 615799839 586517577 148047548 401056636 448103637 919974660 36690111 820258963 947163418 339072235 298768727 1879543 95191287 908822669 926490034 184997184 48138820 269276566 678780780 527544990 589722611 909854654 492621710 842952432 314435792 92967617 790724721 378363269 4459010 820689278 459918499 111534110 519171151 155238742 24293451 676336174 184216944 263401766 346689955 369357171 574397712 333546125 136721662 233198744
100
837464302 380419342 188006110 966875918 58805170 660982001 188530335 386740630 560372597 149301563 200502655 931086380 296948138 75016535 736657312 131695798 430559536 774749762 847561092 251604581 970017002 981234379 912606004 132241465 219752230 49627509 391452760 485345868 557377362 809425517 444347005 238680440 446792422 954888459 700478318 582584586 168969217 264428066 18708839 223517638 867596360 135329275 108677732 802658815 385068306 55898322 190102103 108804409 371051127 256881725 728905804 139845406 7176530 612414115 165069065 914437487 916963314 430941237 354601290 698730106 21393870 534944475 12353609 986700082 761718584 182336157 899768165 517615424 714118350 281277384 426535399 300016601 332299295 872044108 516270248 274709928 257994512 958688032 573277078 918584189 857614526 835308504 636717848 415364353 203985547 220192922 947929230 110703475 352748974 634400767 5901041 220189370 27016460 132904690 227104307 162637920 423331878 73502993 837751059 331556353
100
677614198 926175555 15720610 909456517 68205137 81513193 900198003 540307840 355556628 265401726 472387791 171990970 331703917 793244680 467805619 950996608 605730173 335655020 590465668 996891176 471506491 929199527 49166086 691650415 707448914 885919731 22867240 35390406 220778806 888285155 93684930 534228268 532343507 255597898 48978001 98365612 25715723 356555916 354078532 768765927 232641384 221678829 956781800 821694577 759291602 56936002 924961283 585353989 924973396 19658239 972904470 378614351 694663404 8094522 586321884 814025128 629085825 145058741 546574617 69973353 319161596 968030423 115147250 423867127 934342625 214749682 528136845 655389967 40574202 412888072 528391981 469301592 71962196 539953378 800928998 27699859 69451692 664648066 507923580 385013636 700026595 413271231 98702101 182950193 951927877 290822283 164893932 137559071 795714813 632670145 327909791 75033707 234265090 727896005 418223188 484249871 393497317 296934981 197077966 792826329
100
242136818 944526090 707984256 933214768 560867969 601647106 617016030 626600028 789459225 313310330 435161139 151704140 739703447 896671406 383684928 141826126 517121004 14798295 59433456 692322874 911604919 366797519 365326559 217913707 646397391 15710484 559119220 150165440 732374505 920984990 14672664 843783262 662340557 698838425 920312964 939317642 223199353 799622013 655944928 831949881 78760200 617547067 856762247 103030590 454291068 221393318 940791499 403015938 20021293 124133992 773443564 591760988 745660268 128942446 797058757 959001438 720102041 25215485 659623034 243998404 550822171 760999210 84024027 452429343 772636857 261344348 549597688 778366729 578267437 749452 349711509 197973905 146224299 517021129 345435825 247933178 949310967 347309857 254564626 262243223 797948765 729594171 473627618 613242592 611638786 280631628 35264152 803325685 808660022 329088326 246628751 549192270 650521579 390461362 938104108 230780482 388187865 783449561 30033502 384925446
100
709865189 871590608 196087791 474783934 484413798 487832180 290259825 466680869 849174516 682069016 341852804 821332010 802491383 54885660 576865602 588556644 381071858 659247827 193545522 732830240 535815941 184835067 228324205 182353188 102801950 412915214 727093755 306668811 740932358 889370836 124875794 665316804 804238270 296836086 751691485 579258251 100213169 846959030 610710534 890209572 898628434 379411948 451122134 65969431 588032234 33674568 980359021 778316154 331185036 819376116 127599069 905833598 293750457 92110528 264085819 502325559 248951371 313128619 274554457 825294881 783400308 443548052 241668715 347901638 409715470 642580364 337169732 529597064 757512892 155624717 4781285 856332252 803792601 658146670 355446981 345628887 303505575 827578109 92990935 30576476 998919750 403814727 392382241 902973167 781806698 826695201 589736053 99914237 221128286 572447818 913296663 184337431 465725453 433470615 953337517 655310043 819053761 622611949 404646103 95251151
100
711813323 634565916 881338122 94546122 279211060 710471136 619332344 377248150 561234472 381778712 438954736 660721183 652108871 500639631 812312942 970002113 717827964 775277001 868390487 890332118 662380041 579170948 296617873 18178759 81251549 248726552 614333810 209239311 55444023 632182551 656171801 318227150 691791000 415005875 408416681 332080904 444030220 904023808 12387294 782899843 41609018 571804219 756999171 23704584 380170733 367221976 782547150 260206521 123675515 616608241 516543292 354343388 176361581 705101255 211241620 788023452 452181671 4104401 458360474 14925843 652288662 932741992 728047039 255905984 103970740 149777391 148465801 112264426 539189187 317771232 674710686 506662288 297122220 936111435 661855408 166054718 641457495 75648961 764635964 829859780 912928038 133815255 918964034 473774366 935144910 183978570 654981705 841856351 426733102 470903266 312812162 102358401 281186979 964513664 893530161 243025928 514855046 451804299 923649148 330024513
100
656546131 717948453 512144186 887738686 292086312 26497183 693690008 17743199 77188124 498404217 963165464 529988559 462338458 57362941 217115182 480428918 119563193 571858148 771655719 245305630 514211598 758736299 955525023 103631487 965511348 784491482 28749151 547280935 965124766 117926838 284623290 622086284 146989628 593636861 170654280 96717492 731473715 568818906 374581614 390645173 318145166 83402972 339957155 709149671 836351362 520807417 412892586 883083073 781056540 545216274 481155483 426690636 408396772 389384457 383070821 331509107 188558436 586318044 3584948 643070923 314553276 797987137 688542759 367934998 248246076 136037508 133991847 127763936 892349962 957284944 776562755 347947775 570569351 854527524 921360576 922556572 745207664 377625768 235372197 709863352 802110291 43326122 872628156 172446725 899625556 365394250 908359206 851754292 882658987 792174068 281593905 971443715 628885760 344182283 332304897 20604249 552151442 195491793 618092388 897914557
100
20857890 141026906 616259154 1844592 42744220 349893876 895410108 777349044 262928345 477178834 172500496 692427663 357755781 166607315 498121938 82176605 364822465 583393459 122831903 355078168 874645939 660165784 251607218 867641675 960538302 964630537 854354824 26175156 243793081 816146211 497363106 527965044 878072356 821120999 394212812 374268320 457111875 151452705 736114022 116942703 271759768 84689712 400940438 673191315 282578697 601121521 821055280 881089807 489972517 173530438 455755627 929757236 975360924 891563224 101152193 587806565 854755287 908354583 79967167 506315367 873109057 317030771 634737466 72046124 770511089 190851734 430800780 516360241 721769459 913838552 786033101 856790195 621104843 283156312 844572674 621522018 190169729 412955467 934655783 68767201 936739436 513690551 820353925 99153823 167634679 15813845 413364666 190132561 381246990 463989075 750823379 805767083 792583026 773814917 850684101 410449207 912514241 168285184 416199977 880912763
100
285922244 332747786 491517336 870621824 409002965 926780085 168023420 609718029 63989627 61040403 235838111 600279833 558553784 710231742 747705278 81326807 482585092 52466904 843129206 120358949 125511070 563409931 819769427 219611927 107789384 943693140 629519012 589921846 428316474 290398644 145289163 337766101 953502241 546703327 299872368 943075958 723931949 308427057 911308044 91381167 978826846 697825799 802384996 694458211 211260024 319299277 595142937 320099938 544517076 366179619 144814331 68164831 367120020 260762273 421586013 435966387 413954349 891901535 267117347 12759783 322814887 556991630 854405386 688550635 2846304 41296887 721210299 41390531 250772100 34764855 190601476 801889092 910440439 547744823 852819248 201712630 778833962 545870155 562079231 24558222 662766066 48744562 841400157 512316188 664066923 817051672 112427976 143109288 571500700 164146516 332817831 927186235 587459162 481978989 775669004 744006771 65030952 539028000 465522775 623976475
100
951218904 135969236 511427362 843675525 604464140 225481728 981866289 841850337 23606242 619721269 940513195 587294385 631568082 926929583 338117870 179452789 968348117 50996684 159207332 787386971 360623469 390078318 248346186 654593378 306956866 775746251 547709782 6552012 927223457 158001190 664771413 288130789 802859743 245553986 53148327 898366210 882415379 106311384 99687469 684486307 992000280 536158531 86203291 279350879 73776454 658448870 633846842 16306582 476123421 653356540 553756596 682034266 470115232 862887906 551036862 693265799 740355239 833514216 8129526 503632565 650477246 862104280 882365686 416534625 553843572 641391250 982535736 570008786 655082291 902590682 972006419 889663539 216498743 658743611 925455583 522649412 957808487 859195729 761756839 455557113 832349725 49734422 9127286 163227441 113311638 266404650 5956066 622537018 556621508 559913826 564367919 315724131 423611514 798403815 62081860 66257241 329945939 184003305 480689585 970407720
100
632781291 126259962 155231011 392984123 718086849 642708012 480564142 920724718 348903170 113641735 486674388 503941564 226365612 988923241 544490149 199645194 528861041 484602191 522911308 632962415 76611372 162789922 983861006 298916078 919072974 314001075 969423657 452401553 908052185 231657318 885334144 598364266 546768682 669315268 825135211 955486075 971427281 673960516 768811648 535761449 359551181 291702564 144083538 843814314 836343559 928435529 48914106 18713511 606173621 192255904 591725795 758021238 516114215 858370062 98560803 675854768 336347276 409096284 362340481 434606481 987077181 84846331 468635730 8807909 800167788 87362102 292408260 657294218 644314297 954433790 429715054 256880031 354654015 416982161 645033897 68035155 172925411 718066201 189614040 825617348 718970141 350425853 332770318 869569593 294423390 355944860 647946234 914206178 4831623 992849934 631892327 793125962 560154655 82051547 635688522 246349075 106242479 991004785 819755927 941384003
100
846676221 213424649 19463510 974072842 77099108 420738014 746350352 57501617 435386807 2183523 520968794 397777882 52574628 930497641 98761277 443478928 717861039 534056508 345015081 159103411 692655036 461206778 56222731 226015315 974132524 978819140 143187193 294572217 951666483 512525604 392008434 519483862 713158067 73097195 174196796 451393854 24407280 355771918 678370907 158040772 892700634 729580295 972969069 484428738 93287728 935626904 806592197 714847498 623954087 546293638 358261983 470041708 170739872 535934219 851840163 567881177 905163455 768248922 606969645 211046925 908784794 1647230 164407155 350912822 594071049 131865455 680768234 879380697 658065265 473135945 355861069 109157267 319268688 21179050 974889150 169891883 451203178 417986411 370644696 317977723 426520059 347604398 171881854 251857642 804514603 672212789 276024065 96172165 759007584 63581687 707609896 81897478 298163498 847540145 224238222 236827114 159088944 256857572 376068371 657766523
100
79784129 860944810 406951755 794268588 589275867 478875201 21991420 31781257 699239267 71844279 475954666 467087110 405862155 984788048 77167881 387355900 104005091 117952860 748043732 594918362 80225648 986120685 65596062 969635568 898124079 857914233 687650675 905041503 173701658 658686921 986959665 506623155 265358411 461428833 397682198 579696637 17754964 34672213 41477576 751163730 791993706 446318510 274231271 970350776 319453991 737836636 970850541 961707416 431651492 90821498 725720411 66662292 125380007 252001625 456741360 550632882 470442246 487535908 413588373 270238291 838199806 789359611 941582608 489930077 729900890 488518980 546685784 428775843 884333349 174355547 315089893 395888725 433527817 90141 805462912 621555389 520545704 118285389 481982944 381092683 283895439 749910889 61589646 177018178 327047492 568217968 483264537 605492173 411418921 363915572 376186446 851310367 51795509 640089846 171323621 738493567 90139890 112823563 538296350 218082634
100
145971788 637544483 135656215 877933390 101288884 676415508 11478029 41821884 699682324 349426401 69953437 899068801 388387274 742878463 769350771 912723609 212715308 109960102 240490707 942117390 53279196 737261385 385748059 369939707 849614366 599262180 744133851 426700139 40009604 688401986 498835936 689285653 292352013 464166802 428276689 971530697 468442984 961149538 566658620 915945409 546114590 300225611 542433821 701378315 73598825 782105724 145582877 613479886 659308479 249686227 651502367 512230096 296375040 368229245 979201774 136261356 692207382 504959657 142940427 812046537 600404112 927783210 831187222 511380947 225786802 704103139 883096286 659407392 730525668 544091964 801119465 74386947 852481894 497157477 554596283 807249464 223093038 753695439 549561244 509018918 784569099 536880619 579040772 224514000 629673663 4133387 754551800 632884553 370035858 503796576 129084351 892866622 974494779 393808724 559183239 968100420 985290931 120809106 586357247 35615631
100
874869458 163251523 290447332 639991056 235499272 602184508 574470959 200402390 707237050 262244837 381349751 114637394 367277419 402182315 370266173 452138019 683981041 958496107 818229669 382862556 503927730 484507094 895429898 960250668 129196141 748933065 99017071 918827539 894721959 791827457 523111617 63686576 140812751 987648934 492706770 124908150 59195330 320824028 28835537 246712 388994929 422653955 139138851 847632434 326618234 38980858 496433342 611826831 265294317 338960212 627767634 860242730 724614721 887004289 285571676 489101 503822450 646378670 926425598 341012702 800875812 651284830 820417283 423614626 368978455 913303355 513760246 327424624 815851050 23705692 932609885 788523306 213137118 751299617 800196970 574933354 826041815 576784650 922075985 862243281 685317332 762665116 485418463 341998669 467096612 95675726 58647751 562199959 103524019 626862989 495487875 625981881 851507151 498544739 86806369 177228185 810418464 589187358 610232096 779902597
100
949994896 414878414 625726873 565007977 660955051 712589980 166583224 197132882 825407880 751148600 117380286 788160157 542944652 829983762 544218700 286544873 166839580 604529424 343116206 476133228 812561663 592788795 92467937 21647435 570363919 182485073 818722458 412486946 714710776 540344951 38090013 926905630 759676639 317035034 803617823 938977731 652501570 33596064 66681717 396062590 79477932 261236473 128141585 221743761 223111300 159383833 736661589 689824268 180450907 901721009 29554485 356544541 13349722 627220496 558401968 496772507 953268614 411784083 743141871 752209054 738497368 77735271 224284177 968235997 177468419 180371908 319834121 702734729 820815923 514647236 898109474 14851247 630810458 855423321 443040598 131935761 862842107 402182367 850903120 872422447 873881272 588185421 141140354 626345334 568870646 25520530 21747243 174764422 368963385 118758868 415844876 264654048 122963128 387515958 127666967 505416363 885369065 998516144 60794149 774091140
100
586712459 671963091 181390759 667414499 291131450 467310907 221113507 325462882 133558097 832136489 580296780 270904338 132861248 388538049 193819570 713476997 619117624 386473185 836324394 72733707 837653689 370293808 829086471 72463085 989983096 335999585 67338728 784280313 394189817 892095796 691728769 762503349 349729031 596381020 76977359 46691190 458473464 868828298 584107453 286364796 863948186 987538568 787018020 1346827 197119507 545077333 583422764 237316940 539586914 335716783 306095778 529570115 905185224 21809202 519196384 177717476 140453644 2221804 607016132 419837246 832294717 500363011 822399493 463401299 750325916 613626494 508424795 357248427 295659157 356253322 752396464 517422244 596287206 523391241 916779506 561606202 168684266 559117374 186697759 36836226 101200594 292312686 145016194 844402086 453609258 162447854 584291680 558026326 879279633 205726243 284011561 751850367 782030807 226262027 215643806 253989449 282326044 278284716 8958945 856351619
100
637294534 52118278 700864829 781500603 898811518 190914497 309978956 356261019 34709710 804419442 671642585 70592996 626361235 913705011 359241530 786194969 83825953 542804804 312113347 872022229 797466333 839107276 559639911 719339183 353007415 787518439 556772227 95152870 358269262 483718147 827689046 741191806 125505160 456314330 669699141 443433349 217315514 940232558 451536796 167805019 313834816 583379009 796754872 946691053 74668201 816522463 74345019 603748244 10539215 613585567 862089738 436933554 474724038 239630342 511050579 384734457 628589665 221081301 10753477 421371105 910237544 108886548 770471904 799802224 58568487 54501577 78285261 760896378 546012982 961108168 46321645 821991407 498124648 844342920 144544415 963916475 51142676 497602102 889967383 588347228 656026860 976050207 652359201 818715867 658297811 638650100 521823992 692418641 155672072 869213886 761129652 403142003 891510298 606848747 153620446 434938131 639344860 166060449 62587318 497082793
100
424742245 50606776 760147544 771992328 64226698 398022117 722459713 271730555 771003778 776135744 731238075 333494861 575575948 552721138 361903117 315105676 546472761 244130711 305751916 424352101 11992442 223965159 985089482 238161736 428439620 753565103 693623126 394213482 921295372 656941069 744628798 580804010 213457781 273083409 357272175 325035124 315495902 941435228 817275726 459048348 980227334 990518774 491820926 534130265 746636992 504055812 523927752 877577856 567006010 178079990 629012118 109872030 44720986 935898366 545306331 519106417 861203354 349302857 872051664 748379336 670436670 236244255 671157599 606620684 339791359 351021480 754773840 116922928 977248365 632038604 847802423 114555592 784439921 363758922 528768795 421889487 59936532 87584740 455726003 527158775 16056941 657335759 904444078 724979805 590219739 538498410 130256556 783952576 844221523 91284359 286238172 885626976 608082037 266755061 827027625 689748813 695955444 607594041 837429346 539391710
100
554000097 967863604 159763833 774538762 343236007 471843844 937754611 330459442 682887465 703600119 680614957 54459323 977877594 966359252 481707971 713087526 401828282 657316190 577994026 274860931 492514678 297120199 22381901 739227633 187954131 369699971 341905766 999871488 265000915 740939365 984296881 951720079 875541863 241010403 107245076 89351155 289289927 433875915 507104600 358062160 184108404 446593541 605040779 833030221 506840045 624394668 134934458 704955253 494359853 226387477 181202630 446247805 608511735 292620241 750097736 278079376 194068303 8035170 243293043 707258217 797978809 789612759 278677253 406212421 447257156 388379477 658296912 743207194 19350396 134267066 31332437 953744670 926917330 723273588 92172811 93269622 906165331 29015285 246622805 840162232 770395709 78215253 269081351 798895283 44882768 168848939 771407826 687470870 243364253 690916636 377521393 724191761 918578457 141977996 807402215 21392796 133863532 137346490 103180557 456511311
100
252050499 137082341 801342272 278611200 849077642 893883983 560041513 586180335 723512562 591254444 160891747 200323024 763243000 465225352 269366927 578744175 399581189 855377390 729570091 581313661 969627609 940710940 415300101 740842124 263944356 358103166 324485394 632283879 74848368 365101122 675093621 470702212 444550165 41703678 403658817 471429191 85747519 464691915 951124997 467010979 17915353 407047571 376311121 888560466 86025320 249296173 17320646 429504260 201544819 122100822 541966662 992570669 50724125 902113927 438567559 846953914 949220513 727161517 839725830 185208163 645931460 74241805 968326755 38398545 401862616 296246051 994449912 452091171 117827471 528486341 512238559 224396995 847795665 275648556 65028611 554937094 906465275 381824536 236662868 328391189 860462707 998742907 116927931 557190461 26109158 105529977 365551346 378919611 747915397 497980975 612674039 716158051 724051648 589064516 520572284 881125142 418726555 146323257 160189988 315421836
100
382595780 600602075 981585315 574142580 708490051 371108504 172862571 10158481 620933985 154342005 108284360 403543975 529753764 626289026 777933822 879497566 207540239 684507321 86357533 898193328 353069404 156806447 19074276 860064800 729457419 223052326 925537695 338839770 605192272 541227341 561657057 741723609 615187615 908400664 970373239 277784603 30908189 140662570 612383752 168020403 722155500 253856871 384955278 634855696 569160324 965165631 214734505 326328750 749222392 893100396 248414624 715269344 717702687 782358463 58909084 510666932 969844973 85034005 282726961 14571074 323419328 977260208 675640029 916343473 391253591 456978604 142828931 205094401 235850083 497808447 257490701 949018879 786717388 579807518 111931040 341969033 158290805 398281624 625375926 685658249 216201471 663119943 901431129 988817596 728378951 875830968 101325309 813673073 674466924 174530241 704628334 313473489 425350741 209145010 691980469 828065733 757587857 51349722 973081863 533837436
100
42974561 940324841 651731970 291503684 228184696 61018475 421299254 421419793 334414775 994954292 378322138 364556193 6105421 728559360 839931031 817666291 529785087 314130949 772863158 612443440 819788011 308809143 308911084 546666065 449478960 995395609 575501910 372229761 956666560 347250090 704070586 393060178 482462648 933038370 387831969 449522944 658561795 546437529 842910011 216069827 539691568 639821456 42135678 828198726 985593042 81718994 270049534 916236867 832487065 940282693 997042248 539969248 160999794 476604782 865644812 305404357 738230253 771893651 40755180 682773338 467694305 142745325 136070988 131803346 932143343 229014654 868959222 705429261 383694870 612159792 287045164 357529518 490065961 351806244 510301981 499935063 73786369 250386760 322690540 481738624 717800012 347535025 181385492 579422263 499126055 136163281 576057703 82641749 471391154 634488279 28101036 110737004 853838747 136856548 614444433 335189440 569465667 144897314 544833156 592516139
100
326746037 819744471 958392335 866694271 700832970 37642019 743339077 637440182 53030346 191237888 791778076 947208771 976782129 255090022 921298933 405485111 737700733 453311396 935381368 548965843 60473450 549449125 639113427 924835717 215531213 410503872 128580949 395126064 933609664 139148344 610549563 384535104 835500515 207255671 965033762 436326113 314948129 89287566 438639312 674087228 938919339 483715299 254049735 23169928 269210377 876521714 637882780 938844558 268700899 692208257 376410849 260296737 31386449 519775242 793066901 838741898 71860452 785737783 344628726 588434061 727763027 667162946 806046636 812207432 176218930 683521304 383659732 579084250 158891136 343566796 142417662 250797707 694676875 130036036 929999953 550536183 358088089 755430159 932942191 750312352 46076014 157549721 628289818 139957165 653945446 151665033 785358053 867408973 18592063 627180057 984882177 807979075 515946339 459347810 894227674 158523232 562233886 495967226 763314294 129584075
100
68176059 782618106 238249039 572006681 651363875 687051977 65690349 26834046 592056427 615102151 2487857 356491591 831670998 639299128 538498826 53513538 396782571 590543626 946939817 566850634 187549917 140992767 633672768 393925746 252448872 320641650 500437095 929110376 983982705 681243830 634525880 149049879 144795286 408509185 519416840 104968962 596107789 845301880 853079333 510676375 949127733 928228665 458906844 538289164 85913482 735362976 9681058 512935481 664871013 71655598 844122675 267439970 955793800 698061667 976573529 433989325 435684545 319469055 347256647 306926229 601169836 692949476 537219459 972150234 843534768 120467423 393931127 638046248 542065274 88669711 968615520 936803639 757542621 226636471 639370526 229553529 5595432 528526919 405895858 338589012 290890885 958415222 371433122 511032395 515209254 942037622 955681994 421335784 582137644 404023959 909391540 834243576 42007165 751213401 103110311 822658360 106862769 720473300 560545282 33809450
100
629320403 302806076 384304939 307649898 731136874 812508958 956002056 487348721 546120819 975775546 642911033 756198015 67077800 933969907 363319074 784333093 377302334 645878777 733292969 966041254 635202556 954420335 788381357 166088676 507970234 317079412 957644977 120669348 123867737 996477265 753747446 628642648 967801740 9939321 879370475 595408099 216908816 5800518 277652178 413921963 603890979 55426169 947108369 643459719 581812245 262144253 915293024 623048410 465967551 595827389 728158349 864627240 127241274 710013435 406681495 944197223 728558656 214148297 971608803 333215885 451696644 968601567 963162015 244952867 876995845 861996422 989751232 342067272 901042845 72463709 202824469 339084651 409449400 488191069 671236053 775572726 996684208 852093512 986380508 947017766 339471368 373792562 849760457 785999847 217131305 291703503 44518219 523117582 408266920 467314522 312881007 532277816 747659655 612152901 347655322 554246685 344058745 241622835 165492755 262063123
100
565767419 733911936 632586020 731725928 117133969 836983512 744191897 158269231 89775806 288967799 305378963 526814603 430654047 514895774 977059200 536999946 88067249 866268605 298319753 78004320 376230400 629808375 782134355 841887930 200018219 421838392 969761866 48983997 432329895 576273267 14988081 187321161 40525926 609640892 746117290 668443507 18700359 376062029 485670071 83620674 182117151 891347451 189803610 752609207 787738999 786854003 413493146 612895157 748904945 539290891 740664437 456316740 950926293 251795626 415215622 152242370 781848401 750885695 33637296 783069355 273730767 355331203 747859378 799489117 853920662 436109318 997384646 572128940 373598751 581272114 937959138 212928843 151151248 254606753 280502685 406790878 428926010 903981071 311380493 462788084 720798545 560741396 842066119 686073554 231152820 159218866 872486245 114291764 615182066 557883033 435053105 586245055 727181781 119584788 79516505 647570540 329602938 624868674 273852498 487760605
100
349440201 875030864 408102541 420693906 718598425 551245383 687846196 308053028 923056595 557401886 137151040 561991153 633254980 631240575 346786585 941364101 105005157 644496623 607025051 902443852 631134355 216292454 723080254 824792236 103240785 292034848 766580200 285699003 995496298 30624117 539048487 940718 733621320 220959920 903704305 448596068 92426117 699571359 538222740 483364163 334264224 521839555 913490879 419929902 493856597 637537256 97773940 157971441 898209136 415138880 917838134 629851172 204435620 636331432 781329693 895003542 117689970 347282939 511951086 988231986 341241085 863858680 921890630 342355845 382839637 338962013 576983408 119795584 723612084 817216490 488377054 207906054 697733849 650254945 372256626 972146676 363761915 794351365 458564001 695873763 822101183 942458925 422604771 940457359 432676880 157904703 300413511 815713702 940589835 307388739 967637861 26091729 353050609 981722764 806982141 393457159 536929348 443258139 396631312 554100028
100
42413601 424722256 478214080 454984592 115386219 508103229 424026114 566267745 946346235 249807163 478766655 91684913 736996270 578117257 513346073 375148091 300729939 206989868 317341456 274005924 701392268 16846517 917751026 397286114 309961891 484812597 204267056 568099305 130924975 46136684 240248871 136245725 62139383 328962823 151340364 849773349 345812935 202211873 31170165 539821845 625958481 762318232 870652607 589652413 812007063 668441098 176233712 694794651 322123403 831063379 178579493 193593791 372800128 419606165 723284839 247030453 66915367 539115990 981880827 141541407 750785371 416521843 218230865 337723292 369259655 234106398 530408523 574641966 683922681 503708787 351350099 269242208 20524829 429533499 890303546 615703217 605503331 12055478 275589616 984365365 981295739 636746718 564437206 826434589 823910473 108573493 20144763 874698240 63569570 952310023 515210373 96219634 380108987 919121190 389372822 708897567 626129724 67557336 877026566 225493315
100
545589521 311074052 404330850 85136597 793340627 662627243 725527117 827448006 889678406 206576533 420943269 326573012 979812898 293934033 19577238 155360950 66797668 46589455 819719831 681409345 782988503 74363455 194529726 13079354 100951413 596522127 179886532 790644411 664162417 985875128 587817147 247547866 453798156 713585791 267991774 690777432 624582426 89126091 589240909 914649026 849075781 365494417 603959047 592602826 214534873 867138947 626046589 68280503 717390912 367495867 348195002 104565085 258734675 148256034 865386540 186895027 302330214 579217139 133348664 47212608 303676844 437637104 991232654 192536345 375400080 133997833 137135208 548475222 131839203 89069403 74643555 804388065 633622212 425300399 407267606 316607717 641739612 345548386 163362771 876242629 942436115 903406181 188490636 874614087 854632688 150146405 701044941 265584122 200008453 319849469 319863221 277128947 203083384 548016758 421496136 638651883 617190781 115456758 346833279 112957113
100
623433820 6079706 417076451 92752891 433292706 203603453 935162270 916229263 420122980 29338452 457360 684871014 608681055 672168834 472468650 318929374 816828962 262059763 108037145 164473137 647819638 89924237 151420039 343204421 909476086 950994851 922515750 668197797 484229339 40798846 949126603 90455391 763287248 911074444 211924764 550516333 511829706 797275229 382483394 936233395 196756975 925699672 713284597 158743227 169498968 265904579 792654340 178415262 385752350 900478097 958467393 191185288 362298376 463749386 859376254 882238039 216892486 949629796 550110395 27755868 669378056 621520948 356669932 199239955 652230196 770805720 534920935 995182830 677954167 685034878 367156120 650201035 972848573 257616101 943406933 235213330 313104497 532541220 960465071 54561966 354585565 494244050 830469778 284749611 886127648 869538695 964165380 105760698 490671060 511901611 562698461 200765932 846547938 513007548 749826218 611311850 624400053 70811414 867054878 674462738
100
400327927 771641812 764219821 327923921 155806371 244985341 89574005 797484771 428226298 219230888 618823073 743006527 648727612 801260243 897173850 764589818 216752921 946389215 842267028 464964566 931789444 493304247 327122100 155716975 657299506 717857084 175475255 602458093 472221474 398135066 705981915 134693598 492699062 320016106 854323064 617656889 768581569 909345428 36636561 975831369 826402961 167142011 347662880 884146219 579308105 751844143 854681741 322528550 82385798 876504987 27889023 778545226 770349581 252660501 486276590 865420397 623955060 936608667 832796253 258009882 317626822 216873928 921587195 468639657 986710689 913001302 612398918 25659961 992344463 663505920 204858686 762011991 970377144 88367466 453694412 477700127 380491482 930937331 637951360 537105731 743921234 478206285 868648731 468199856 501338564 148202439 766120365 689830166 513055652 592306895 138110088 21570804 343438647 864063862 87071471 264569174 497001327 54760072 960652164 388098807
100
644746948 296858887 203060983 363069751 431815676 286682236 2598479 338059644 617995747 974634027 450719432 546841811 660107766 52581788 976927995 938034225 933200782 831716820 388930835 816207199 38597286 641419205 735241252 122706700 62834344 587457419 907352979 780631603 7643338 116096833 348176627 634174059 13263770 300887923 168551219 337194649 896374613 401419480 878281690 961755795 430649090 960352173 694510133 631229963 782651305 997927492 616341134 242599231 107569689 869804704 57781660 489677025 229748523 962015345 670840147 911003280 579288955 585777841 389177594 9368362 365325565 703690348 117281561 393614290 693975479 517099058 349897561 412418232 16783595 92862740 191067075 870174757 357191511 570112792 788240902 665439031 32748534 726464291 133590971 721164813 498206625 137084875 448007827 382057154 570641649 109607654 524723211 915247628 866528034 55625646 978504965 836215337 507326004 827899346 921531881 937174114 930378296 469505256 607339296 261925086
100
965475938 183393433 661779426 720016574 422317652 724474626 463631545 856154973 953802996 957150195 892725835 364768676 320464882 657607041 873813676 110368734 990515980 769920166 441469139 902370329 42421607 613836640 355388105 242235768 802889916 424608018 167720772 640455738 134885300 812196738 432900081 108669658 630197915 395455375 562491620 44494252 333241076 657006238 762844917 819904211 852843668 180443648 752628418 949235061 60291728 237315997 143224856 121669063 305981260 35019452 769216553 777329919 1449376 535284934 615052573 707716667 591796027 790311550 533490885 335547518 186930472 724000791 615862201 25439455 785420128 925966223 279474323 204674796 879976038 724856151 288891700 365173313 641129616 714771729 410556099 584989161 64118369 733834233 23161932 945521530 476205195 661964316 789562930 524657345 259890536 151540116 262966441 717302221 16801309 954985840 658211756 24120728 396447027 957327937 65795050 255110157 976911445 5591050 641447489 231429255
100
903184507 556971444 668341485 137114025 760191506 170883425 396308062 726910141 123313108 764673535 288478477 457566118 952804533 639750225 95028121 753165595 101281306 841439786 258833208 636286141 711945726 528343553 974225289 805047327 955644057 31050188 41124363 66007254 791417704 846959783 614597881 313862208 65109679 221028412 100146374 682072739 137890939 897733356 244158464 919422954 763905657 224140049 554401998 788645269 459845619 974991808 855382897 832701719 281017422 766022414 940996002 605574821 74904836 687866757 451668378 449573325 812069260 151796971 595695093 203453220 528571413 564012400 816705723 538069437 704176946 167193886 996308953 710432218 137718386 622784976 908005725 595828025 409760291 764888486 131125594 22783732 459540555 820508571 715054149 416640734 82411583 742818369 826667002 827221058 679879523 797506179 131165130 708537514 60309851 313967277 122429350 438146062 345413094 279072108 58168222 752400206 94811506 798743655 134843633 204053744
100
348753450 118435619 159634920 867181657 196695781 459045613 972430687 191269159 129498832 180026116 127315548 356122460 793823829 305433141 15224182 82716477 465476563 498179376 952710154 665355092 215284101 599313260 171630163 672079879 324415740 769903719 660868356 631989910 857975377 408148614 712978478 270726180 122156389 384561541 998836800 389593585 456700709 227546067 601502260 534908054 931990817 84371699 360784000 253690386 564974320 302278472 583821881 879947357 657508736 853808633 619651661 160900590 527509208 18000745 503242903 981642647 997145522 477917390 125007738 885127681 347323210 852365791 574340975 8182592 314451255 477725790 796415057 650650941 732409736 527445185 380052556 826039973 905767283 357698401 322493308 71760060 614294000 850916824 475058750 897076669 486650146 309801053 396945064 677381046 540937226 4267152 794671053 43275012 652415857 195914291 676445497 418998677 566356121 594936315 373557818 664672988 793427264 750878018 150747120 603245
100
906815655 333593827 856497594 546849158 419008136 159813312 937682772 732041909 393268598 273517617 603055608 959810519 799395464 782699829 82899099 721299868 534984538 659563844 387737831 101685867 785342476 14228715 421567282 829605833 127482900 316647569 34551368 115166918 923958016 462312408 89735710 834924090 268755167 18344762 475992050 13756426 29120436 690557613 463688581 910091571 976905044 373098896 513225508 252014639 268090337 43269329 926593909 751032593 304088340 896264828 539859768 715555447 875129746 522144481 195594634 47642503 32759450 699812486 960957439 763339923 683890973 190738345 600229516 484244766 962941216 857894046 633188131 569540707 967674147 250834492 998150937 42257047 751282431 122182438 478064096 107625567 454952252 593819295 329603796 723915493 569637144 24913332 840029932 760790637 108898624 631265581 640984308 220826655 878327918 818003459 857547994 592865387 385655474 148384776 950140379 109121072 544156156 408725062 258818511 80943542
100
884337235 892019458 661049441 107420383 933164425 141175235 342237394 944250162 119691216 354134810 201417467 519267355 474325521 678080891 932474561 556460436 342557626 587055303 502661347 956837447 653470476 714245703 186903631 853563636 823030994 880794858 78148900 665218307 331862507 538992035 38813109 491423390 298767597 733509873 179969420 294817049 71639145 587679186 490172921 32079743 441891514 620399676 72048950 14748280 538009978 694458760 928613777 882518826 388890861 473565291 987720678 119459864 488698552 86252320 85746912 808265786 672690573 459488551 187322224 333132771 168385687 55333021 216570303 444595291 624316876 410882532 606992346 693531949 659971131 227024107 138293814 286772320 749808594 784861612 807824987 855931091 685796202 573947286 113330734 723773905 282527838 713450145 837194245 422540489 791176159 92381787 650418959 512173369 938363588 423158827 638074886 734078052 512300285 519535054 815003486 361371593 315539656 792150509 200468533 708960627
100
887864446 7647860 865862243 470829692 921016530 628838323 379600584 535790426 668080782 74535694 974506624 134472865 616810305 847589368 94258524 367606969 992697371 217127913 910147451 916534354 237931115 276466600 1082290 707418336 229939896 318187577 916622779 945153588 745378122 529730320 23048844 751312692 588859118 964191562 305193705 867700419 420437844 209341256 666992565 967057856 318138301 206376257 37015686 373651697 176865984 226097023 694120917 813530373 285996274 866880302 829509823 944199468 632553035 903034919 275601228 918511102 719647634 962441301 164615145 545229284 99423835 874856886 514936558 392444544 743022874 62911257 74251958 617387756 966093262 597194879 293832796 362242575 259459164 123195388 96409158 595009024 906954550 389185258 46890862 300464136 974254610 760881399 225535652 914473996 409072259 712172230 805529103 710224307 920715091 518413658 627593067 237024896 932793382 266578497 187215942 144625815 648110808 916727732 700990418 151938988
100
409308177 326654424 313524212 348582592 82022257 49382360 330916717 547550311 227504502 376038283 614089978 849393919 937128484 737525340 989872233 33670087 812471253 377559434 706148 430510142 418127066 77500511 212368610 353681385 240879980 902634774 377804565 938212903 846183230 946442652 133065022 92888733 372301871 461594473 781106643 302129535 749769484 184807475 205203245 254436607 823670354 545407643 705102677 954660888 901489850 616041342 333753188 254829702 27734757 673042122 62547268 58173021 372087514 261458376 425526371 213804351 739155298 850466072 768656540 57496468 998959475 396285393 319148838 949841213 613655059 585564066 815194916 692666067 473252421 513441051 835879720 82087842 581915833 478919238 475382109 163646108 684577313 686115745 717899125 760246428 85028102 491675077 185379530 410117159 222312367 891915147 239908732 599982698 414420828 147736601 987723801 472941703 514040394 138056205 806165984 237486115 161572994 219745243 993723456 956063592
100
70963599 611456231 901154678 732857016 858191628 849652570 191530218 215184137 461335842 919334171 162314031 188515667 336350443 982592717 238107647 82408050 485787368 147375457 290090786 882467413 953261815 165949378 371837387 672636813 223865639 130640585 280524621 971624618 434206122 199482808 703684885 312495574 183062567 239520537 502142079 267823798 643298964 813663675 882699382 311099810 301648554 781457374 454462991 410338209 40554948 472030032 850491066 692642112 448918314 67957711 32345873 593259043 211678946 974251418 511189047 446475002 272997342 997628612 772512772 61895681 31076722 72017338 818080110 966024988 253893445 234788626 41909505 528689880 735094492 107803513 367429948 456492716 876280079 623620719 784363316 875318808 680610953 453432889 341041762 102008421 821695294 106730564 31992016 904506965 265075837 979244976 327860920 827324106 950128212 445164300 300108519 348253412 810186053 137349427 256473887 138726886 24261889 86571648 290459326 60108399
100
2882801 68648041 158999235 208969988 683245717 813808904 853037990 172445294 98769530 215190888 223811848 454277520 487904856 469336165 431353879 143494671 840159966 384466902 443732369 760371008 21866353 767653497 703636514 377133007 96879193 477421905 493291135 752980838 850259221 789124816 538212203 563812739 920439062 95724752 590173718 94403421 129800369 636226559 594153601 84292610 483792315 175872041 45055872 446625131 94443997 156206140 56495583 369929437 965940070 397013238 758467755 320897391 897272839 995002980 601062321 893227625 260033595 600271936 96314653 937731730 863514304 698886181 580519245 231479389 389889100 938388921 604087963 823778741 691644684 680556120 24695483 5593203 838050228 951620788 878137827 233684122 606006495 520802853 47090955 10160701 475823188 55190279 729768738 353971399 92270968 369603525 600144723 356650442 487659708 392543121 75932409 772350967 92033392 347509615 136466493 718292371 972638840 745186411 774683885 530057364
100
334411042 634940982 629576335 699855589 808529061 221353013 747740657 788661515 677487312 633675055 966063535 976397657 27942810 367523756 506139859 89108697 49848377 834530355 272826188 532896425 581172605 963164005 290839678 874056508 170281797 255656451 538089626 863597275 935695393 533932125 743893201 160078322 888181256 329937935 199383752 833728027 782102848 717373746 368857478 354070326 898846842 915064609 868751696 121991476 860729551 214550111 686907863 793659530 928511594 56837971 286810151 18094351 535513748 764824533 958773643 735686375 623909199 720154353 899167620 933051479 514653201 296287181 768273496 379282883 424645444 282553884 119583027 351851491 163478277 410877076 764416308 413064657 738252730 722409815 566911367 112208470 726526987 87478032 786511451 538386675 621109754 526715878 193290432 261211468 904738845 834004586 806815833 534628427 157603418 33983333 334134329 76274422 526102136 998017396 530727869 27356811 766437901 323407096 764691063 463666594
100
605967690 726804634 499142078 140292722 709286597 386698743 835365864 746562633 985349290 891972636 550594233 117329043 157764250 785470279 626807127 926584019 546793532 229231730 861822651 903480179 15652888 436516605 753604362 605231068 326939682 335788779 169669021 296850800 102342914 818904768 592721563 90850356 886870034 482036635 962661656 717788219 330970604 5177671 988849743 114289168 893827419 517034704 372668700 708044146 390062442 589565488 812281889 139133354 354357638 300777292 871427480 621290526 658261940 839265375 300459595 605998983 852258908 55867688 641908615 956512488 166647095 828582201 532316035 604262246 442647227 85154927 560752074 766850313 118007994 197580965 528813215 462411480 456325385 843600393 786934844 752073871 853536794 513376636 670518459 938400707 832619468 378215297 656813884 707361801 663995066 522119971 647929163 387019291 920458877 586861584 524268108 964709894 31549190 911111337 434994075 356443332 14591445 24952708 693133572 842864606
100
764763433 300820255 193221826 430147281 399311775 44553447 424514482 606893666 616669495 824512803 397778142 378297014 15584867 728389519 509895717 678471958 88250667 96631819 487210761 330903224 323750648 665762160 68739638 287183911 743467378 98947441 622980959 842189425 435245107 97969938 92896755 493143286 581718238 469728366 605169726 235294092 444375538 31142585 30232874 180742363 853152367 595139178 367135073 765722701 199831938 50588577 786156716 545582411 610447050 827619037 373491389 503602107 255825553 12371136 32220233 611257398 275311046 446785096 786879970 26510013 974569628 569935606 829762915 838043875 218137356 77553976 215820396 432669866 825791575 973510344 304652240 462838508 826634038 39720610 868200442 910455859 581878753 835210059 573866174 292183573 247782309 468025062 891771011 690846520 764253044 534622457 687140261 463002957 144788840 58546252 243697320 771959318 614922971 406181308 411789925 5799803 591251316 763089730 519915473 418348582
100
21727352 440914067 262217226 114781136 311667674 314544909 543652827 598061017 822997555 183377510 997144752 901951925 786475058 591949365 602150046 701708019 572149669 213551854 619749325 775568276 743794283 232395096 733238087 789931912 120596605 339632229 759599669 80775927 283435151 195662235 948088191 808614829 20144940 220943638 949008217 69208905 63809544 879406177 979110594 517501627 771549042 298490910 527239197 342982948 444100493 119438405 78565829 316183155 978601189 264954577 678464471 867596967 91895957 837447490 902747268 269832578 843453805 740893982 718887322 517866542 362354814 906329464 210535217 739020321 761682211 135967603 975520671 977000497 841991264 240436214 318644056 244062115 757083939 352003331 271625676 991712009 687639118 812727051 483164237 167385702 258911610 993952636 108995554 327705330 896628526 853874022 487814823 794170212 461611190 285702292 891974361 275572218 313771976 597512304 829530279 555731268 800081038 892204521 857389287 308097206
100
952797029 89573374 611877103 25592387 402747900 102119938 341014543 601276050 176805293 906358755 187067080 405430801 87121161 860928075 815941192 269414998 596343974 7227075 39847654 970093737 590708897 493488202 528342723 718760648 662141735 839378852 747962654 42066516 258129304 225530913 141628538 359129490 572871034 436158234 140132138 158999640 523247970 226408120 927903346 626276529 638921541 138279755 943103353 339501039 248290268 959625524 142544900 524894901 23241880 691954187 714891644 217688242 490902480 369293810 699420294 392806859 87216889 744243094 873143382 963239689 422040031 464868663 306044194 788497918 870224911 442843705 747120000 247249902 59351777 696180750 137559551 371316503 143986169 167509169 502374800 819795580 553224962 164041944 866598986 241464610 785573075 730126542 442557661 913460735 715467180 627036079 528405 408275592 658164268 198959855 200636369 69910647 407363871 590560495 614401317 559112132 641307164 53137121 922022458 503291758
100
849979155 96663747 516012549 787129440 320366919 893410227 795602464 248955804 793026051 966948845 440747024 11457620 72556956 669399071 755457318 692703461 278579865 94900323 326352812 750269560 738606791 448719687 169293184 152861312 372784028 291814376 250161269 983828257 780854784 492720545 897364214 980573419 528896748 715873832 265276638 92462027 145663109 836322165 191879795 68706953 572036863 827149598 197208063 760152707 504060893 375403329 191396039 119740171 7575180 810891703 97659761 213265033 354250619 314807106 448134167 885353635 532899884 423216210 710591974 928563921 624344990 432009289 120886100 79406700 84242734 254079962 233195084 434904868 220006335 416746145 631014922 909882409 721553981 423606966 939176494 168546239 787542479 448299684 789575010 284770933 635134899 933957371 553041365 802116243 832986272 92364248 943265414 234091342 987578982 517200219 233615255 707244435 684939389 271132397 503061271 184798102 301892694 277949582 2427535 760704036
100
255807252 248354570 732750454 460753435 44034169 654110464 37413540 564721855 862885458 432133226 201082643 204774405 8530698 687357411 267373189 779776563 671481351 592861558 818706816 712686872 318416817 813106921 171438123 143229734 835906151 124253493 648290513 370994892 602747265 519237194 422389887 257346065 873411862 740769988 634881255 627745581 273301743 452539647 373213552 549089222 282877390 749198327 219334774 976744537 816942736 557336237 578725460 664205120 842725634 123556708 509003141 359726717 331538677 491343421 952653688 871742413 481149216 943243195 229765850 951758143 869097395 693088851 440249062 477233509 808750269 831217950 983042717 842592940 786410288 953502249 714582727 463333600 538623328 504230926 141465215 819928662 386172383 977194384 903889168 14125836 662047519 895232900 816876912 899810717 771947013 309801160 455850441 478107239 739051366 819129683 871270057 365662917 120958175 953457765 513407925 670471644 253467939 879975267 639184069 917069300
100
208988891 940076699 778248742 880964922 958859299 511702182 384456568 229206958 240510535 468186927 346950261 474017983 113821760 765328258 912043177 493273180 926092600 703632487 413896997 887933978 81013138 470927541 432723133 456471430 704738244 934359483 472899148 934554531 425813649 620367329 767279525 572507919 334716767 148610808 279353725 238501992 565436786 861048555 833147873 639007243 636442306 218042423 862954922 722756341 717839810 794383162 511019372 53779254 83380239 458533411 84686312 685650149 938285834 348788351 717086954 61662474 482510399 184997000 510690014 283182066 988824290 378043730 648267579 837579498 910599354 717777860 618351286 584596044 749586113 133754331 708288329 937167106 604796041 838520227 835238610 935930448 352712763 476611960 38546187 263355251 318900907 123528522 376838515 444184341 372861527 675279198 816658209 813843770 358173393 585605314 727381347 306050530 146975968 673876679 807330956 124041490 887413944 227440937 940895071 357213260
100
970542507 558531112 885462873 59923472 713996635 883816478 758847445 817214024 142426143 821625557 241472096 788725437 435587346 595328562 392337673 899656037 731310739 8803914 866286670 280589975 60281065 902285605 107306374 849152279 987436386 937374378 285836659 371846359 994337815 613569177 605468278 252413518 22437760 503335340 871771166 316013578 236511350 520712685 666230423 87965340 481873652 308120398 261487583 190608865 250607309 449192433 805754855 361839177 871938364 764895651 422738422 60973787 856917711 27766570 120374206 200189778 866934744 455824094 659910267 628664856 327811584 235317284 850481809 222809996 645688472 270747925 654654902 579040863 192891736 175945743 122058721 268375467 2084326 562347977 72885095 599581979 763387488 745379781 390130524 696403163 861842367 512164851 999079522 708595199 180192385 188501705 161685459 395502847 596978294 485527884 674062269 918316406 823407817 206170515 253144192 34344735 421750517 145673735 152699657 698206543
100
288543680 40554081 754743241 648569683 202790856 815212384 369964830 305899750 420173555 480957900 438292547 647721832 322460963 217608265 402723237 348746182 707021765 991446328 389059010 181143043 48637184 795282802 349084492 197913885 601438757 996945505 545038924 476264937 129787087 291370624 398556502 333747777 983456479 912881231 704816440 73772852 806743840 771209775 266376793 933673195 886944909 357032384 565054122 107627604 477186863 714762051 472059875 848046921 146835012 767898582 270998683 827348552 293788941 160094491 539170232 624465982 259483214 952956046 367097958 348324320 578329780 625685797 668764939 819799389 189769951 318780333 852387639 346295668 749698162 439259268 68458053 365835581 522594828 832451354 124335754 961579642 501018158 748862053 59104569 139385087 702138131 905331759 564481674 974207137 441052108 839986636 377779781 771818206 1226405 338556527 599723091 465852563 174095618 896573463 321420242 496631296 464157359 939095822 974776412 998136734
100
209313339 654200657 3087059 881755982 93604134 714529760 737427492 834198955 709656769 97454952 222966067 481269856 130303227 597078620 676712477 116677709 439073729 505752280 876951188 78098011 353386663 332243124 599853895 347687873 82902711 785448674 804994749 215110733 310255779 565342156 341733598 451139348 14332522 647983656 659908371 604461124 85770128 894590388 484627552 219378058 614171512 409862691 259857774 486410076 625903322 196634095 997409303 336263696 839321142 535773549 907824734 168248209 169939008 72027619 862443149 300912757 662794898 124569895 148205889 207069359 599059339 556173115 171178876 628441759 145343097 650483968 180914305 295444963 252670963 870351146 916964956 177433668 233817116 491220945 384767448 31983466 72539309 477237320 991165726 514405487 529545779 853307117 824305673 195548982 118763994 817078828 912509696 459289802 125434034 535910527 700368602 431282684 714190884 613560906 804571381 468874891 609295378 665043415 916391692 924309952
100
115244789 800840943 158851796 23698637 779504057 17582618 454301205 453734169 614618217 129680741 428954574 854916168 976645565 397397841 479603805 959884988 820060895 300068110 242892465 513889866 320469758 711469860 624998544 969462009 879691385 708845627 397791286 978967441 783164602 39209320 504894384 572984434 842794188 829622516 644210487 782114601 149263589 584687540 415825666 192126474 942591148 910055687 585292426 334679340 765524534 125586717 560407770 960695104 188887665 888279091 968302106 974791883 947789979 985685930 790570792 84325447 274645423 594838577 18286255 160969473 910035291 500151773 493613582 661477375 604971658 782850594 568758483 502665721 473415517 503594161 348408941 213648583 28859867 953780865 896544856 480770411 996365446 406375251 206444584 141312522 116835048 423385751 108557853 801268438 884232183 217263318 154389649 725988151 876254563 217002587 495166345 895463269 767183661 826088721 110456154 321833300 512851410 710374869 996424057 729405940
100
573975136 740121354 255296190 898744265 100650294 746328589 533308044 533688410 463900329 907343372 24807173 343842494 913856234 17783409 56927610 185486412 515041376 152686752 442337041 213907133 706022386 783119043 21111741 830601568 846984797 318354376 914733558 76093896 683193391 46623363 41627469 536338079 948135357 385872435 740890829 259590967 613133779 247070711 407085716 371599265 235151805 539849733 842787454 741188307 138297578 412784356 726284200 77825763 510757133 378530821 453659695 722525665 667529999 426147670 312888220 190122776 571711374 306097480 409073528 705469011 70929482 28940185 994677782 800774871 850546560 409204098 100588706 422821579 938456433 18174709 131635405 213208046 411229547 711906409 467359279 535814015 657206041 308071713 68983960 778892053 993773190 586000970 984908420 160609964 352183480 635040720 565640690 690305599 718850476 964596019 420769558 66526994 784480187 762077345 459688470 155569427 845406091 568770742 502964977 318549817
100
351381344 100945140 718865898 376359806 810234123 787213133 843511665 817101762 271644390 746451571 198797923 939726260 14019693 234693560 378825203 711204375 955037458 602615104 115719502 582605468 60824253 358900257 25519938 514493866 110052664 987927334 126864146 355746131 301583780 30329711 690886614 587421380 913326842 737115281 254191225 662095809 378983369 27564661 625354503 984919773 325593987 157680996 288623808 552711110 301315870 593018183 246293466 945486851 500357920 928398666 235292599 47838474 492083304 97541638 531713323 698977835 448678619 683942743 281721240 892422873 597499175 759784700 761594186 803557420 88801883 978957658 864059508 624838779 420498875 169614601 858372457 231108361 38047337 302815937 227886500 56802589 322833658 294728921 553833295 172233821 350087418 833378633 426812356 28018628 791381711 88721476 581788348 561597212 805266116 924800462 842395667 6620417 486973145 523132040 893795107 782543887 699946418 723645439 559042054 612378702
100
739155894 580346585 812821288 924616428 211325426 244130785 840073272 143321814 36817682 358914968 309317568 24807142 609035429 902958975 279773839 351578338 13158953 801860560 151884790 329426375 400262599 991496905 563639509 792599065 353698441 623968368 134202768 67860038 419587958 873558851 657524724 134108803 131862139 183768573 71691795 477192509 795967424 695875911 616277487 284503597 775843514 152607649 71863998 461298980 227274745 178086484 492158405 814898723 885296870 444382785 481542381 190769925 693043795 898876575 10625870 385171139 178900588 414183623 26128950 574668435 306820810 999472781 567652779 955438928 609574065 60043029 559404438 313350853 236912929 521115829 666353092 259718467 698795 885006207 458586503 862510597 694865033 996831287 581475024 105580006 91236360 85841158 48247333 206009881 834463252 783115662 674639719 288198727 222770513 437491617 595934512 734956927 938804715 861029724 462595638 792109635 883350654 501386352 526522430 938406235
100
29051585 577161139 800057053 737085958 134483261 497423969 239849243 461986928 24562383 526694532 533775275 790075084 904884828 6660754 555908541 325883947 198834723 898278034 322729126 7288626 785374060 242233145 33670079 360071920 883730199 789919538 829491957 366499030 562481539 838893843 79994485 384222152 657129230 185952319 750409277 882109684 259420556 331135761 376529766 27843116 516368017 270968678 122189606 853201639 236419126 624745260 682207041 601549130 624182234 381594046 247493049 392370932 759029984 162259968 386411905 460914875 494125955 445129182 887139659 677060595 67639633 525317941 597576437 35539610 167971982 637526888 637866220 905341359 323818773 274731450 480723907 292402057 506772374 751447185 940998327 661175681 30519878 246022729 179684087 737536731 475577967 464593668 987003853 66025345 480250809 687989256 901437676 378017585 773789325 225386408 570837944 804742369 564447004 79954318 720716968 478704010 639687026 485419782 985502358 57837096
100
893084932 490997593 48422611 465671525 412174717 910220611 40772794 721702675 526258151 688717399 867977020 538298976 984452168 591767477 277984062 60671081 767438183 684328674 476553688 956986532 604113136 956043908 684424492 872074569 725787717 712066474 183390435 953299905 408800805 352247553 575504622 165080066 881369461 731266964 406050937 841308363 70662434 390669820 60002095 863921021 565958796 425470428 728806166 306862594 695702783 830926091 682522127 641896035 563390288 695053583 159236220 617455769 476108229 590329091 275066421 133231540 96620326 638807312 824886333 48702166 733653976 464713059 498629415 225709260 949117095 724280218 556316272 438625635 375276975 792663010 819443179 75432637 330134111 199544202 853996768 458631476 545836604 74069992 61130963 453130286 531600610 547463843 379472945 761388801 330101973 434176914 227270959 697658439 244677908 616049937 617945786 428083650 547039213 993349225 173634800 984091445 855028600 353024654 584685483 751070918
100
187468947 497037592 529507356 79013740 630805971 775457466 377877696 75071327 488151297 661448616 595918296 719850480 796941476 37606092 389061930 586536720 535363538 495708476 887751872 535954885 782747164 409880397 898245313 202491583 250192655 511558353 684639348 76506061 22270111 353366923 231136142 319998609 330231981 565589769 41261360 564651878 589435320 982260324 554418823 798227115 996764245 556015941 94495946 918262029 444816311 145249298 854858600 579430686 215495386 844424862 155171144 263270966 8185906 731550789 629683314 846371713 232252302 264607629 572443083 346395684 39545942 96666497 639015494 894553120 625693543 580635891 148546249 433696492 97578987 998928329 69057715 540596671 171578823 706133474 941013451 221269815 908537372 986278386 595864544 384282439 550663909 895821454 265480898 899263528 809815983 628289361 816832765 440648423 193173748 397641508 858444685 844228785 834722393 38218590 37854424 805382998 752341357 278046595 13599692 482858751
100
987421565 217589417 641185013 713143182 639441643 166115700 533859233 621563710 189429762 38833842 793923834 603143704 414070432 621631677 360052553 305396219 866981770 749966444 440136025 670846684 864113432 812869855 13037067 626877880 868834367 732105164 59460063 931079096 899313955 576166673 395367821 295584080 777976640 611886215 901197303 165183576 93664958 92558394 468859583 340556383 221653045 547687970 271095433 479192972 424019681 895261870 53694896 843181074 683463331 495802779 8493477 311585716 481587441 994988588 477576975 607760748 731947482 482570718 850503800 140021595 289689922 699271159 563636059 938504354 577498829 675852429 980472942 766278030 651994883 380452511 541692684 997432108 628519259 910864398 967319599 496010720 583589111 139225350 336500918 846986466 988656405 902132617 429562692 416189759 427012316 973973685 553886130 552334574 284265185 882906301 337192306 239105751 270863825 448365322 231527670 817581514 209665745 538219590 645020431 101462732
100
575248863 600660408 290912536 385244134 44034776 641720349 979947443 262716264 998987335 804873403 313518213 996955569 216363522 653857910 822855313 74254810 93857982 355902276 357153877 75073337 797043378 466297822 72742015 201910378 162871876 169706147 8955742 820479073 549087547 472277611 413726688 472224251 530086896 925544940 301480498 938883596 249436328 582350292 981916946 719273035 195952996 859529787 410903800 883047229 144406365 673406960 185375620 601582514 154820061 306824171 921409408 637426388 114946964 753526091 968866435 270695183 361395034 172080088 131408887 261836532 776761986 969408516 251874362 312496320 559550257 228544510 778585333 299214433 109676634 511809152 274999797 871429735 964413187 428084400 35429064 155227482 383020932 995896785 501941338 730494580 409603028 500296608 833860425 918350320 65920042 116463092 474795215 217815072 722839449 66057018 228604750 103693862 516508107 622441807 503342378 127822951 684289228 931014659 415878616 80049905
100
389301568 811341888 660286153 191046472 684474717 326845669 746150011 109224243 534495113 229340537 585106092 848059426 649641364 279724259 657110485 492655266 562729873 459825442 672247423 158265493 108249449 979534106 168223892 853572834 633190607 74404579 223191315 466200497 8056275 118696048 636786088 120918839 343316312 364214152 437479710 774648773 72351165 488877869 796802198 744992472 872681842 673486440 332539070 40540084 500817109 451091310 78793263 574894846 156394131 354731090 28255173 431551278 901982708 602494 791687198 218481348 615994982 929132401 593980886 192746016 95333185 911494402 861480920 822039482 182474956 393676301 136258072 82727462 575731511 760401034 819530609 568945609 805278182 67669090 630383198 382189190 938367722 537204368 124980146 32927261 936238594 131614373 938019972 607468596 303215439 26884107 592607499 245178062 326662499 750794189 278510714 71785214 75182420 481073601 302966573 257834801 575531087 268339420 848077343 694988360
100
857022397 28400857 548899067 919882458 973064393 690700519 765651200 239479212 94997991 869947908 366790731 894207450 868982624 163935029 634147550 734819104 586410817 93213007 6143987 413544313 27591619 711392040 961277 256321272 289861103 285793870 865511458 124679911 109243165 203266455 482405422 571283137 417419589 524587438 800401031 3153755 272902232 945525549 20856846 492185701 905140660 733299782 299774816 813493891 472427829 32585383 972254441 636860330 567726245 865411431 348766587 19203266 382028518 289620064 111452911 976240795 593666112 438679119 201265987 278329066 535032370 27141168 571882438 298135321 674890982 761724300 845646198 375730073 757597276 601325205 543348686 465070140 78310150 947669753 487654294 135744419 416997914 150626496 549295704 158896910 766985012 848648883 34487898 693380235 692553641 127391617 354345298 125793162 655614686 335903155 186862099 506244405 366904571 414516395 463719752 713183909 930192222 801573621 943049325 860843741
100
239365756 610846048 530101567 883626228 466203120 469628545 320868833 649985445 247938479 384773076 818265120 373147608 789535858 607517116 852165623 348494689 951303633 236952943 33101177 814714841 243298391 797843849 590034767 224116891 697390355 427746006 255555176 803361376 828092075 827187015 458453570 178547249 701485541 584491348 720750858 907930418 979481283 519050328 648063702 449804372 336744603 396158992 515298019 330964821 652205396 761186015 514478547 577149214 121288164 555906601 83844794 974794038 252486414 935078506 742326222 396027371 263873425 231031773 181512308 499572882 405859410 229472336 737198064 764889164 156928218 73257388 509508041 98076014 852091093 454051961 530261359 804308157 898878517 60127315 506490324 808798722 496720688 614797623 430620644 751818147 835682191 324597234 587266022 587791233 542706559 30326386 472062971 867922230 93499071 515831275 694446133 855585834 711305872 906046101 238753872 727252796 447667451 670908957 522767039 888555011
100
135036030 472648831 221869692 523609574 568743378 154159784 209589690 607685859 499563018 746407570 42933084 263873461 799873104 146483936 200062125 411332069 758850167 463556880 424998319 28618385 779935238 246998918 528870640 285738597 85440924 721742956 322800985 238610930 252682854 717491858 238974673 17764431 481827881 451246905 331480746 708783192 831113621 826457067 10024763 892668100 924298357 55849494 540014232 577548017 340945307 363175314 225926027 560610172 759316429 888617979 515830844 674247350 269737732 655476310 286492125 535316090 733206950 894876822 833783855 301240423 197929053 986664086 173559269 605589119 175875445 880664226 808141174 509389550 385422786 280583037 343062687 17215992 823577313 773652947 464364409 35574312 800067821 988441544 977978827 622592955 616373826 447773676 5291993 467994256 564815936 780089849 147791630 584320204 245938158 385022549 62613819 56497681 844839503 491442883 481307333 595358896 443986884 409144238 496987952 725968097
100
802043907 510166593 959076389 441324981 488062850 229342777 456197917 261450875 992757947 376445119 864761545 392377971 862698801 96527856 184540317 230729797 710604499 920201572 306628799 838993052 243311740 703531365 882725831 853307049 365358023 333272686 315573940 70848099 89876029 186925452 551896832 208018622 38852868 979310887 687265694 599974307 467443266 686482782 73832745 86762679 977340079 982864557 631247735 155739107 682872819 89833516 506129922 387150272 800220671 412686729 966496731 791910330 359754914 70279734 222577994 687333779 645768240 15696976 814366752 619048882 803395427 708734296 591732658 98350767 479466150 202354590 911367198 287072642 708979848 279930840 505005169 246068946 733738824 847854763 215671499 527337881 647178637 506014656 796831183 791024775 903552980 73588814 913753877 78410489 877616186 921950058 183089291 815607447 253620587 351045272 793492874 100559945 923318648 872086258 688756476 657019445 695254485 998891919 809022215 809885681
100
987522271 713568072 430266689 915182867 453362143 826585543 703638456 390339900 803117829 23263387 816695600 663390215 818125734 739248942 449249045 832614287 336332370 658913408 179785171 866898725 852145028 518415254 196468925 723419429 270156103 983499980 715888494 159539699 626233027 3269233 372623636 66040580 793197732 725265199 393382956 729835078 861494782 200007697 599597032 560376159 809397222 552204420 970790959 65755451 627290453 250943162 17772612 424940713 117705215 64118833 799989304 676912775 304673914 696232242 922462667 741240384 98122842 954612030 216157135 428859048 176416648 892634036 467171987 776601592 712932068 588025164 183852245 727852383 973947743 532268431 879923010 535785504 11404013 802412994 547950 395063845 304641738 627284751 889159482 634010385 610727532 870844689 933500351 223900674 602525245 895721416 597854475 132738085 551316469 690011855 492609728 372293755 439730196 540833651 851853868 680029901 643215370 967072680 6026 25346221
100
443166118 43748513 349001582 481871362 862712115 681529011 252832131 953310554 301412476 194605251 996870533 710077032 428564719 458405146 420879615 18839278 194296861 551262516 290271749 104868886 33000319 332269577 235395315 836396347 793457183 287405493 168344977 196181535 808903190 242164283 246013163 948052768 246565061 61950387 83774728 741989583 484073874 290929661 630248632 398968294 604252329 647543399 208337713 680297274 819838594 5782166 702092005 313607248 444803009 994865404 234560225 28583993 376886499 270062280 112798331 385895221 712359678 523872060 171091950 836829093 709870578 572352050 559848064 304525198 937271518 416933803 250592748 951976207 133100965 92971668 410203514 953550254 212941174 779628865 630486957 893265964 997329318 604644252 201597769 943010578 977723822 723254956 584665109 79996490 747418382 479508969 704995649 824695134 625852624 645109840 214162609 452397181 251174088 600935585 723764539 976343885 212142969 952274138 92440368 966169512
100
579538599 466937308 159047306 390304028 210728632 987353578 136612384 117411927 803579516 522352810 353344024 118196069 48282359 786621192 255909212 223638026 426662080 940499245 368252543 436899462 170067283 875336463 263313437 155162314 193115838 943684289 447334933 864584244 235403486 242812668 945313959 33421991 411071837 489187327 791290223 449318887 523867507 535445475 621759176 195202680 852776562 983275399 155778095 241881361 620559541 53932020 195304932 259456855 542820014 573251494 723244374 202916033 240324480 978799891 15883867 788195198 495653310 617128788 421427272 820266714 93618291 19874561 780958155 746887822 317480190 613691413 600092682 161316441 912611448 362715854 72474951 125116528 649413716 187767557 354646827 766353734 363084083 14734045 96567037 591017096 420570471 63884460 581389436 351763922 176443622 302993524 678815263 392496393 489197701 527678926 847646154 790042464 676230277 257766513 89659582 807759597 774152335 893847527 306993822 709396732
100
120459459 571774508 861948415 838456074 962768401 560436076 508910411 676240596 196812297 797238080 191044756 434867446 203287375 731455154 759823869 828622045 506336404 981650534 206267160 686736586 267697039 555162774 931113556 784754846 815001515 130628080 259947738 188008001 33444766 182060259 747153081 563017502 856757087 478873899 398899549 767655751 944102077 295524745 174493042 307132691 202289731 937046243 450194986 602655524 999100053 33608830 936450884 155631273 282474511 284364401 331413915 144186268 587272049 30957351 586455073 379327969 953934333 583150699 775028083 470980369 947278265 661412741 865234702 160734130 902916634 174564548 289846181 876232170 943646655 759910643 329332892 364657796 628478461 601743697 486429362 297501359 296598560 293020200 886329417 211278061 460054996 608776294 41058951 442226408 509861586 559419289 562638295 486948706 61570797 770607968 116525466 390444934 11635626 684706892 689693254 221802709 531138699 918908205 575790379 941066678
100
331371680 349749981 896049915 178862504 943343417 859697615 203343566 132603397 162709932 104890263 101420076 512037258 262913636 122997103 331668479 300982396 820356042 464035222 686671535 758585412 90984685 98185525 628287758 700943429 680932364 732446403 23404941 62749725 377473215 676191157 785864995 85160860 970087895 213095881 942997424 496724962 381089316 450864434 533200507 866746785 321601552 847860404 229152914 76044893 192654719 276633914 217434962 420268393 519352281 724713925 12336609 16375156 997106232 712875467 544069855 452917847 890957425 480571622 598719260 784763474 797330909 527340307 545270312 365105643 733804620 385738469 234340580 458133238 450111674 893097379 284034512 868094410 639758557 19923859 585493810 658899443 396379144 49124561 466133284 953417167 871938244 251942757 872415044 654383577 45235046 674016053 155142290 889225530 868718161 500194934 510776620 923624661 73151427 342703547 793778194 828578163 27132172 946722550 40694760 262243509
100
276748779 327087159 956139970 998748425 677369112 979417400 57726689 152517960 363777143 178912989 333284918 672611586 368726892 599971240 704951431 959159090 240276278 836269407 139942815 807084681 928308424 29598959 691523834 781028309 210664366 632016569 452997595 98336237 565438673 895181265 860450589 199280957 152513298 700501311 568889629 827458383 938019100 518665024 206153143 39675030 995212358 177026463 491187283 546111797 749819091 24036744 23779852 738686440 504284874 668313938 490083113 377520533 226596401 922819781 765253940 484465302 63328345 336271077 233513023 217513425 853831742 345008919 42453028 96406014 865689411 571493778 325908295 111405087 421519271 287529030 885369057 242891395 386788020 923331223 578426162 747809156 300661415 485643603 869877022 181898423 637257047 866059054 370908983 406066489 742802674 723655811 183535281 769831157 745966758 18944174 444649145 290632671 918178225 140171886 415795623 453464219 975279160 679322917 514232437 401530583
100
998375538 383937966 596299654 164561 772710931 435678125 409762385 445083421 433741139 834093862 716940293 488752982 224735331 779117957 929353536 960723435 432345762 479238463 986078423 651211191 723070841 41769496 567039026 545490028 305286749 541074445 373628850 921432038 115547307 884623725 329388800 466698154 37742158 992323428 341215657 576844455 453630421 433996162 361832282 563186246 734528905 218728890 250409073 24455318 622363158 408067934 475709958 298219737 986180298 814629620 522892278 708528464 344899501 873899890 842359710 120860024 618592700 336693421 564067836 735889821 775818768 825055465 162715959 548056382 713555195 744784999 777983589 657042469 286817574 553814528 626182950 617964052 881276787 755455944 26795362 808262557 56852476 454331964 918080661 127682503 232194880 875234507 128273827 95750044 562259146 911586473 474777696 878618043 110009742 381440859 139178959 158144505 275664331 693028718 188746549 481253274 383551939 931635132 971142498 560118768
100
483584380 906882547 616403257 877037077 19412033 785567993 692633883 786316090 22157323 551714590 411991956 897720857 977002342 142644714 919541419 857458121 721297894 750078159 356123282 701302743 92216339 536197594 957691442 570633712 948125402 806692630 870497656 754636873 682885251 700968316 971203512 444251117 5541178 678465478 69102957 202445751 262065735 245762148 436420478 617720562 101788429 329575649 708497700 840761978 504256228 878397246 326406993 801231006 100129670 842801944 481136664 750362915 968556171 291404387 397698423 50412991 596246260 764459300 91103748 488891749 279361296 910676314 943372501 769809481 945586911 637265288 105326722 830714451 190476650 723588947 598250843 579455524 587324817 694080170 76571017 211138571 493286840 777797105 976590784 816220152 799949400 4666335 637326447 425032168 423067983 319105135 735787052 462594394 307675612 893617150 365090271 127309670 802603344 112218225 761477692 157889816 984988989 881150704 588098300 832890964
100
337402020 51654332 547904251 559225328 212961969 699487554 373606853 325874865 533298628 468477762 395895676 819185960 679770234 175301555 879091091 806764518 940757800 585333399 112289882 653884609 227895876 728533876 695462897 960312099 978987349 262765957 342828183 556805732 491467263 347213331 618141605 951851370 322486058 343214864 402384848 81291261 443383935 383699371 392216390 763939722 538182109 388701244 109050840 7821402 356857460 734166121 191265050 204056346 997185059 657744496 4239135 220650511 358138180 906728830 890728285 392504869 698538045 26496783 272529930 257931075 862370513 95954075 36431074 191447301 740734962 396006947 689916106 617574031 744638291 373675864 941256174 7995412 182890719 300965624 914115597 329153296 770326402 129461536 222212843 879965254 755598926 174330822 549686367 881071844 597085840 968855714 629594628 8733526 559988890 713578159 622004163 247793403 745246506 481681986 781746393 107166159 337075202 275871222 390018908 204686365
100
771234703 472712780 293312989 503524465 498091060 795094488 476555413 693976117 6985208 407559938 492324695 846542347 959749038 821758087 602504362 579013733 584140017 698719331 213650642 284586906 757797944 353609146 140112045 483198754 510888932 201359911 785601001 436162421 917986053 677991304 457015396 108622581 239892302 756752289 697493741 61604186 771376256 24154596 996339160 445235275 451750310 766920800 316723282 698608136 528466495 723016999 845722284 594266820 676644235 874029314 918518174 153626502 419246684 93731096 169223046 464058442 711353893 597947703 345297622 210370750 614258291 646287126 8381200 631755387 853901292 608060944 518833215 661124071 197106602 23078802 73121432 485905186 990877464 171480052 427509268 240156205 729788923 387752156 103726703 159269590 65029775 903389181 161307118 179147790 117352841 202683319 125193370 392325374 516953135 142637576 816074460 296494888 14326887 192043259 862225981 53743703 911289558 824604895 762003911 571816330
100
734411436 279565906 672291154 957114019 367737663 706326712 552146044 282544949 520602780 634662444 912064407 653640445 954949308 543589918 734546506 29023148 580387781 487540013 330798596 174651791 527806631 681135622 181366631 290617748 157653765 374377449 33842149 710418873 738470955 659372748 733717576 769216810 747951868 201799414 456397816 954869305 180115825 331627313 523688814 704244259 578351509 567411213 89448099 606082101 94998231 878126011 863934427 206796622 289646135 280459843 713156904 62780528 297231514 399026292 728518529 262255955 224473838 764487202 706902406 874401766 847459278 55517663 186012908 912420558 829909243 183770074 899080843 285622565 733568191 59240040 164788620 935377543 711555075 156776971 48935047 158888775 858417884 640637130 462428874 2815899 330693271 110890221 987424123 164727680 602880756 395956291 991179705 487037482 527005868 903002668 828478155 556138417 886679420 891766361 772945976 677159796 595763595 881053875 591831889 416807678
100
798920214 738456997 422047686 42241681 572608581 874865376 134484173 886150366 834640516 540715949 712277593 83334429 626043835 916512507 835863626 704454040 807966636 709946942 174769196 225508838 889238816 645974543 809084980 425559311 488532167 700955315 243535267 333617931 154000879 59699878 792577763 267859863 372933416 452803443 569181224 930256043 494377129 282382265 895476583 111777564 740264829 524549066 683338325 520610484 45702378 197773722 790178878 917361925 436462014 787613931 643696352 913886683 101075060 304350927 611633104 686308126 774308730 893855279 711368290 871146114 343687003 418057740 602668924 721192189 993902403 390482939 99067280 430860831 919230002 265068644 855250706 943234694 533114728 936703514 289328546 159233261 959755550 97546684 855021778 413909330 633483102 471442133 16752170 655999981 353543396 463037313 482977433 296590092 746084092 441401900 255021198 91652740 457545904 64451173 844675893 534845538 751000987 540881332 561694437 894956642
100
391950834 155403343 131204415 234246170 158992521 690197124 309134355 619663504 626973901 275197905 195823222 649207862 482236414 285632762 681549174 646291621 745162985 20763747 614306400 817906431 116405129 580681328 130211391 577810934 906208573 617400879 337761221 414547519 764505614 216122066 519361740 877728580 306830294 202064075 77917826 253467197 488075419 500746415 281055962 617415273 547208856 406504630 248284100 34822407 350187764 990406666 746772421 952552461 158374522 727832110 955368269 518562921 103224757 84926276 293214752 274620210 175246322 429183121 154473336 306170772 179812681 550896851 528314123 506663898 422588987 999054817 779260359 409906477 630184727 250340014 249104525 283730135 537489914 991920491 249870105 296036175 570039743 520626668 161621020 823706672 318581732 604215231 376370036 430837118 902767731 280117681 251636775 185657004 945609027 726134566 966309995 824113658 3831690 500064977 191236529 935657751 803495932 571404343 368190654 937710223
100
616053128 81690848 665802928 905582472 778368179 1905561 549591054 553660343 119730965 14701979 593453439 24953450 323164380 464434931 146621411 527421012 44298208 593101911 906927162 953579556 697184107 775404208 838894913 889954491 182218093 888377567 386144740 143526953 596618142 743015218 235459792 754790032 851775702 955715714 780613004 159800408 779626728 787373523 21910369 92723556 820988459 266764042 806142617 381860358 820767569 416781561 871249166 46871386 785383511 990552602 804469466 250883293 993272100 205825935 574697494 636425557 619607700 875132646 910010602 926519708 682388425 445375693 47602484 92719857 85884446 409209294 11858816 384990269 84275655 376156353 634325921 983268192 441554387 981533714 18782991 798502946 83824295 682854253 390365547 620618758 471431144 914668161 849463776 855956409 891203581 610688047 929739148 796787061 916394555 400914001 298744852 604868324 91207801 514162412 47660072 412055777 123964200 769281810 447278046 58792592
100
434403623 97552860 205595125 758206444 126735738 170628135 978878981 847752699 763588096 758819556 161106416 832283616 533553914 637099917 956389513 569684159 370183787 543104025 860599999 583562702 434446594 725711787 296267805 543959659 12111124 370060931 389320386 81442924 737007221 541110141 590294170 925865212 141425199 867873087 984483314 331536303 855695945 862862747 227041059 191082992 474240335 389588179 803145590 337414595 451833147 926184720 306072981 7496413 607124815 502814601 689415600 791744244 846197566 804358406 871920740 26872208 783416595 766380803 666191345 864663614 301232687 640121 737770636 509599936 337807965 413342406 3110471 626648713 887050194 767522600 894881924 521978438 441985451 107390849 136569889 594772880 176693071 457420118 559705918 369142116 330055771 865268234 888009335 931420080 46320617 701166507 468423784 715130706 955524161 648230986 609895437 616362044 310686657 170326482 38085514 401951278 342660148 388791528 571363453 255360144
100
693519375 486572718 159646302 734543900 503676951 51563439 256298605 530901622 364285204 550007931 614086865 19760420 45654737 181389179 848429806 248204433 475393818 643871123 262250743 851961521 485476091 613313107 278063839 418287677 568689211 882095401 945427953 891791079 56323128 505560916 299493061 171631332 470790948 593748100 500042561 747345531 161975549 628211638 803879305 430273944 142923935 639388932 289383708 21878735 482040100 980133467 855777802 702748296 316429899 180499479 741983201 510828231 753784682 765064370 561446376 493110513 55649264 313396965 230781591 881734876 586518309 180381228 304519356 995455534 274065304 514359074 86264077 596444253 728163214 427529941 440758353 461764867 281561006 646360575 286060763 916764600 769917069 966532521 483583321 927416738 770183363 763266423 288442008 33142333 98849815 938266770 386694212 813468877 350308749 760381324 332877560 427875781 129812225 873179377 826118470 226987211 867058671 180674634 955127553 571623608
100
773237148 457041909 725873657 78206155 957660571 605775010 626461382 985832685 824550914 725835537 613275742 8016739 235632315 808235587 740377346 499762578 308749494 193744681 957808650 315956153 681509346 74300654 984515855 996244854 365279850 353920208 178703204 519699600 757053709 648236351 908703816 847697852 55992201 843237618 174759476 845722109 111848238 939381983 919813552 844855684 11066648 251996254 141208234 224678920 695750692 902488652 773957460 624558729 961114147 439200953 535390510 909823909 723161696 473215028 440747892 207099505 42160291 276631859 313770337 332474127 375556914 378437198 611925840 942792369 417969400 995084173 322229421 797802804 423565779 146724187 809046216 922311640 460472166 700491104 74514971 343876073 670189925 643906221 911776418 766618979 861349404 88785067 734950192 566984510 208921607 685438629 575071570 41830229 16863625 122685369 103299224 266818098 657448043 176079006 642734393 856440763 463763466 588455247 755489351 718902379
100
469183412 658087443 532009073 223262986 487696730 245047577 771918614 964154526 308886577 634541893 737694701 788254052 233983341 276002973 438883026 570209688 614743575 312956838 661358923 513894232 458766567 393124552 638188809 377964944 739238814 315965069 43901283 303838875 950188857 354118940 230316628 719311787 839592969 214797265 965550620 218184631 723727323 496917554 1538511 651834219 143567967 967273776 460502890 707442122 471383821 577112342 803809584 993116979 509527647 418703448 267214116 897307864 777423204 718397457 176496807 783162810 905730394 28462154 488797603 306584638 200467699 988447526 281252732 247200178 1448757 770761407 586536069 743083617 595902802 640155267 483313516 775075539 349013268 137770701 394674998 422263084 922447463 897727343 843887117 930434978 447152169 437758585 177423841 590388656 151852537 192395079 85097348 411654531 616447690 328026859 292186940 206022572 562604231 116873281 200184179 238000801 382516897 212285033 912037600 15124449
100
175764962 780666122 569897097 521091252 95245970 221929794 153509892 24085354 196818190 596268784 300329849 336033533 802421685 265949426 389156114 462083340 394402932 698944150 260260468 932898165 419796410 788979284 261510400 882636551 586217067 620571034 12661718 809875129 5540827 561166104 768335770 549177428 376438997 30273106 654809629 864887303 572172143 570632247 943286661 40653228 682730388 383508619 870935418 774518699 792011499 503975647 457213203 804245817 413165697 777851068 5813412 412644216 979619969 812667698 759325554 773953901 248253619 777068838 957106886 769626540 613672856 177179352 994652037 923542907 293120396 660042739 279078670 913599211 810141148 289968399 280996813 7861889 639714474 982762101 639120534 998460632 220922066 364453220 40543062 958381761 260847369 69400060 384974270 339647618 651174661 29915945 796886123 81898711 170802783 535650615 441253680 163259476 866638271 791157684 728045619 727153059 857172447 790693376 163118603 317402477
100
369255504 21769047 432616431 634398070 855982515 406639675 956695295 361061560 463767630 97733712 310499153 482457794 888467832 968899685 847680968 241099538 339574840 705319324 197005462 529988951 767605115 845405289 368801990 85124988 218255509 934170456 697978789 784766760 450671324 978201994 505974470 85460608 745826486 785401971 659852349 172609363 270320798 957350058 203854737 158573740 956498391 866327402 978641779 994502806 174678172 120652443 439521453 789925280 109871117 762508318 45839924 846697152 233064791 369359839 508489627 992544796 787491131 303840170 359494565 869471475 22266004 919609376 761277632 908322836 619649386 81736040 39591069 50218936 731316105 299543544 209919497 47429190 3510503 415156080 815325066 921068969 452355166 752044125 7063571 186688706 237151804 79830727 379100788 263271445 851704094 584858197 207387359 80407920 657686602 233924775 542648652 623944807 733862138 893138988 601928090 427831562 308383489 908648645 512021883 708496079
100
589085061 462302794 741454451 286896042 580568793 908328406 480846308 561863883 64319728 95922417 661915593 889883300 632708124 51558584 873369497 650149970 222469018 361980774 114610501 504818881 784546203 775715660 647370637 732482964 835605491 778074288 524376055 784828126 463926071 825316901 969130608 879744036 137331044 726958546 746625418 73865471 649815198 644803266 780796647 799019815 45811447 32712629 989959006 608924849 985349898 901350687 374876589 621536382 92240223 190557411 860516020 374449391 631486494 486451619 950992605 432632936 559176766 497197248 417106296 369551386 724873345 279445498 890337565 935357856 269954767 495679835 389481939 769626377 440719553 718381945 925304554 810268400 546985030 439556831 834634022 442899580 726573534 130840983 264442157 127428816 788653309 857502348 46642195 234165231 827241267 794726675 534973613 912368507 452753936 820409474 316479576 479471729 448847577 340146290 854361721 854299568 464683518 274561259 539357030 665951197
100
460641475 843439642 920775004 569660532 554544278 675822854 93882008 606603721 750769725 512371535 46879738 208172411 118053184 357996622 529843943 58184766 608576829 840525047 863741296 359627360 865790413 603365365 136720866 15248042 446896552 820095702 139797811 487092422 125042289 735281140 450717297 636987316 539061329 540893664 425557467 531164928 666535277 986008194 789751778 799196899 566803192 48431231 654386105 463067353 63953397 779042254 7596633 676816371 826895435 517936183 243866659 604162252 242194880 923499927 285707304 702133065 860492212 988747666 509481407 581678245 85274499 36198860 330588738 183342654 130924700 118143059 459572353 255694941 198026094 547289695 925887123 51276462 945349850 184297060 35354500 207056218 345957005 311197385 376818730 320757303 879007451 527064155 197741367 443831234 24463028 316299474 253933116 279852185 859702626 496884558 21370570 635600649 163786619 382557942 678273340 656072777 457251095 627547572 678855984 870432144
100
147928273 137759916 717724964 221719356 554406654 965653477 793237207 930436829 380426487 174655828 649697862 69740069 483241822 58845175 346546558 983380151 358810328 149184495 670663099 195327435 554951068 332855315 109834795 773476396 576175404 523689835 379903318 379067418 646109632 279767259 803681320 191554723 299955692 74273545 804866375 610254486 383875992 888876943 153928781 576259965 404711551 659373168 551263433 603114199 301592822 998217548 161783985 337810564 675163559 480605534 21428954 636753170 993822118 336236569 553852113 725359705 711770430 565602018 860788904 796860439 609164154 551062799 354377032 270820999 363427531 652774975 643964273 814824797 547970743 17233551 203229637 391771668 575240912 994387633 178651653 423497078 522240904 416486065 173283600 923373610 23882343 258331533 245334217 689849248 298703403 830336658 136599822 214771513 370449198 515295988 466197359 915106841 953654073 447508477 765123234 872305598 204756270 426991822 71491795 561593575
100
250784595 376415100 125886955 235808191 10347541 173535264 607318543 278266269 921220768 915900696 684320412 119375603 354812903 997842956 571037020 200232496 401410228 270460448 110940333 747304191 918849645 766268434 196998440 57468577 548433787 62834592 273686445 38499550 174992689 770996251 397440755 476442085 926424010 104693700 468905280 9129047 577484964 692504607 231377084 695319838 899906105 258168058 493903417 69860384 453216468 237318690 899273154 791913271 728854403 743525303 719900244 958138138 143963767 23245706 743630819 890164639 68420550 476113336 460949954 92015859 910856105 306167041 518641321 926534687 145554011 508469889 567970990 303418381 192499332 338756479 683353835 82270120 805395019 289310185 16587499 695660893 520728452 721831146 525876980 477331383 841299485 519039851 400058279 272506940 544838700 376776778 712227698 515131044 421697879 127110731 46128501 543826647 476410405 991549021 350917882 567532668 968496974 277386583 620670506 493340460
100
718763026 643929556 432285130 99964971 622698449 411105765 779113401 840187225 113130297 550534979 77718803 58625065 331980222 664738028 401913363 287332475 587491658 15546099 301359430 162725061 996010352 890250254 892096960 560342327 885280134 7649333 169432588 792267382 664949319 31465450 958897408 500176614 590276055 142934295 187274150 541664953 817032555 103680642 227029420 304209477 664177502 151577928 893053650 130829170 80624691 861337778 61913633 446498764 424633988 367357056 747673401 649415067 131238587 708771930 699897484 952330856 318731057 433017596 431529950 733500795 198080692 546215450 372906619 787609275 171119862 66541959 812816465 387142546 852497327 80614223 418584810 205481998 470294574 67309196 555824171 479874748 556388996 871235053 430589027 420333949 661425141 264674020 201319356 79264739 887209171 619342099 361516998 388560186 829944643 694395014 502788017 979056477 469000980 959648807 274238753 189478311 962560847 381981780 239569785 596560387
100
947185956 997662914 847772922 750926332 978779012 840607908 4912211 235255636 362866857 444203460 542928562 560104824 917512883 567498662 843100606 380692117 978452204 551131254 343177778 900405942 352975198 470630317 525723178 48290787 179262799 274773599 934735477 716375461 53434011 195622807 753154760 283080094 255019640 815481033 74101279 989647638 544877762 899768746 346132593 833847162 551755902 30096578 231338149 436364957 918552525 667150966 977346680 684660282 67262668 260953585 576526045 789614468 634379182 4416069 219280176 484709370 771580107 749831762 822186683 903486530 775463354 362239429 263770158 824728960 119340426 986762349 510305828 230719843 278291217 406271646 935381696 758687716 400197035 132900903 99896561 465729956 158935370 206862751 261736138 661249299 251492911 176965091 274319637 712984562 496155463 252996679 289603191 128331486 181986958 667749709 415742343 426311001 837176664 157027125 787203335 329849087 547819509 373153093 869036712 990428448
100
631234462 796818931 52358240 163700515 401604706 289232890 362167404 542545118 765711692 990850767 484686909 596937983 875514537 822287591 850989925 82486335 36772437 19199415 893090712 603158719 265502659 793619180 979664111 800615629 609605629 560824220 260743534 361715618 695732584 77184394 286542266 43857082 762726745 343973877 966596534 48229682 619120392 434785559 62843033 819491970 984395531 63927153 7643631 94220931 405055217 41237971 163087012 671255463 117580068 701567723 250076431 801697899 648254595 8160473 258225320 171516962 316855384 748764707 579436701 751252056 485991475 547003147 430330170 825096239 469592188 724576263 269921417 97869359 60623833 455728028 585206631 855903709 16740119 524349560 984132262 351217035 516890102 488566213 520020869 108005381 839147121 873121730 93098740 389462072 341257704 558361381 467092927 283317456 546901511 259971719 272914274 240401509 242277463 751106030 336789558 143892094 232662425 255871460 815905831 164571429
